0.0	-0.06892314160961273	0.0	-0.05682068508394394	0.0	0.0	-0.04459461296622555	0.0	-0.07338413297755762	0.0677967630707573	0.10802343250450287	-0.15421289093398308	0.0	0.0	0.13360728179545583	0.0	0.0	0.050345266082375946	0.0	0.0	0.0	0.0	0.0	0.0	0.0	0.0	0.0	0.0	-0.13303329321726146	0.0	0.0	0.0	-0.05990928953137298	0.0	0.0	0.0	0.09466306902470348	0.10007481108217266	-0.06400713924856939	0.13937847751071583	0.0	0.0	0.0	-0.07061406214311468	0.0	0.0	0.0	-0.0909895783583223	0.0	0.0	-0.1553073452732364	
0.0	0.12173097603098179	0.0	0.0	0.0	0.0	0.0	0.0	-0.07945116272143583	0.0	0.0	-0.0834807844924048	0.0	0.0	0.0	0.0	0.11532224366215796	0.0	0.0	0.0	0.0	0.0	0.0	0.0	0.0	0.0	0.0	-0.12196700747672756	0.0	0.0	0.0	0.07196856416441953	-0.07507235344138231	0.0	-0.07894184516353697	0.0	0.0	0.0	0.0813999205666241	0.07062937864809914	0.0	0.0	0.13920927740630745	-0.08390495172961027	0.0	0.0	0.22675253615434268	0.0	-0.12194670110966846	0.0	0.11235096945440619	
0.0	0.0	0.13124037270205924	0.10396708037365661	0.0	0.20613413997312605	0.0	0.0	-0.07121225564086676	0.11248275606033231	0.0	0.0	0.0	0.08049188626317207	0.0	-0.13857296781581002	0.0	0.11469793243129296	0.0	0.1931305178663606	-0.06432771219996887	0.0	0.0	0.0	0.08401999286483194	0.0	0.1808979354278889	0.0	0.0	0.0	0.12928965009795773	0.0	0.0	0.0	0.0	0.1643375136370725	0.0	0.0	0.0	0.0	-0.1754176028592751	0.0	0.0	0.0	0.10084525503469856	0.0	0.0	0.0	0.0	0.0	0.046125741621185455	
0.0	0.0	0.1454562061508585	0.2092030369830911	0.0	0.23776368627844988	0.0	0.0	0.0	0.0	0.1219150151198589	0.0	0.1641413540940286	0.2948514451691491	0.0	0.0	0.0	0.0	-0.1267296114508078	0.0	-0.11052287784047339	-0.11335114994675834	0.0	0.09844823029282165	0.25729476693153286	0.0	0.0	0.0	0.0	0.0	0.13073964883772154	0.0	0.0	0.0	0.0	0.12947885165082795	-0.1812866075274865	0.0	0.0	0.0	0.0	-0.12089200077316027	0.0	-0.13523823195502452	0.0	-0.09427492734211024	0.16131847909306105	0.0	-0.16822898120928304	0.12940842066241692	-0.12299997737797887	
0.054941615290121454	0.07308638639050008	0.0	0.0	0.0	0.0	0.04323899060499425	0.0	0.06662030958761822	-0.049287584535799726	0.060875230826965214	0.0	0.10855262527552866	0.04052966266072103	0.0	0.10296328221132928	-0.10195077542198477	-0.10816694453295743	-0.06363175679773905	-0.11855838277867366	0.09676527462581501	-0.05030182841544512	0.0	0.0	0.0	0.0	-0.06574563707061974	-0.0498833596808437	0.0	0.0	0.11750366293855119	0.0	0.0	0.0983490726326354	-0.044163204923516844	0.12327633044664763	-0.08426577322323332	0.0	0.0	0.059342823109457966	0.0	0.0	0.0	0.07831296545535264	0.0	-0.06307270160510586	0.0	0.0	0.0	-0.041325047314815365	-0.06929270878720138	
0.0	0.0	0.06612407593325571	0.0	0.0	0.17019081995776222	0.0	0.0	0.0	0.0	0.0	0.0	-0.06947700299023639	0.0	0.0	0.0	-0.18538878537478712	0.0	0.06441564917551115	-0.13490566096426504	0.0	-0.07982460459665844	0.0	0.0	0.06629899443364871	0.0	0.11362127105613606	0.16967694791584667	-0.12134852650966231	0.0	0.15403546140861998	-0.05313147527127772	0.0	0.0	0.0	0.20712646001041732	0.0	0.0	0.0	0.0	0.0	0.0	0.0	0.0	0.08620594581401159	-0.05456669060308658	-0.12748264879728796	0.0	0.1337947862633505	-0.05989738377265367	0.09248391030784027	
0.0	0.0	0.0	0.0	0.06016515184473472	0.0	0.0	0.061664885018455275	0.0	0.10659943743288972	0.0	0.0	0.0	-0.08611751616160218	0.0	0.08341411298862322	0.0	0.0	-0.058228333073739945	0.0	0.0	0.0	0.15985712360581242	0.0	0.0	-0.08230404343243575	0.0	0.10807457738466546	0.0	0.0	-0.05400355304324857	0.0	0.0	0.08208246782499348	0.0	0.07246099480623155	0.0	0.0	-0.08293693605777028	0.0	0.0	0.05719362894567651	-0.05365959584902867	0.0	0.0	0.0	-0.18057967076060744	0.0	0.0	0.06045144106930529	-0.05136240864592669	
-0.11388842237578334	-0.04844584864696664	0.08123708548913564	0.06787308285997924	0.0905485192983082	0.0	0.0	0.14474608473715284	-0.06472036189473686	0.0	0.06756550277399062	0.0	0.0	0.0	0.06028728354739085	0.0	0.0	0.0	0.0	0.10275434255638506	0.0	0.0	0.0	0.0	0.0917139385753925	0.0	-0.0729495023682916	0.0	0.0	-0.08399589831866516	-0.09898063353379681	0.0	0.0	0.0	0.045890357365596685	0.0	0.0	0.0	-0.13815104882492746	0.07258585051540434	0.06938398499119589	0.0	-0.08521844260902753	-0.047589758030015944	0.0	0.0	0.073529013238353	0.12570806363067724	-0.0678417049866489	0.0	-0.0499375836714345	
-0.0946815708988502	-0.08550327781108902	0.0	0.09431057601737854	0.08043271328738344	0.0	0.0	0.0	0.0	-0.10522665289786706	0.0543868036424243	0.0	0.0	0.0	0.1314076515909035	0.0	0.0	0.06825512441059588	0.0	0.0	0.08020838015418581	0.0	0.0	-0.09061820183658234	0.0	0.0	0.0	0.0	0.08765578022996659	-0.1016158814796379	-0.13640024801078549	-0.07698006710846902	0.1271366790496949	0.0	0.07617016271846182	-0.12835858472756814	0.0	0.0	-0.09821130090104044	0.0	0.0	0.0	0.0	0.0	0.0	0.0	-0.06371950546221575	0.0	0.0	0.0	-0.08915608590251584	
0.05213201935491407	0.0	-0.049006387391628416	0.0	-0.05597838181447035	0.0	-0.03189945008664536	0.0659987503276529	0.0	0.12335500855087787	0.0	-0.0517638347644934	0.0539084764830858	0.060312478712225386	-0.07951835109080954	0.0	0.07397991779936437	0.0	-0.10306994515547607	0.0	-0.04285529197464792	0.04935213086334388	0.0	0.0	0.0	-0.05187649515906063	-0.0627210189045752	0.0	0.0	0.0	0.0	0.10699983944561746	-0.050904068861714655	-0.05159379721897339	-0.07464946351903286	0.0	0.0	0.04569389523775532	0.0	0.04718313311429259	0.03371868861815703	0.0	0.0	0.0	0.0	0.0	-0.048583596284126576	0.0	0.0	0.044155818648156986	0.012580674838888233	
0.0	-0.0767478888360792	-0.09741517784338487	0.0	0.0	-0.11612061754300046	0.0	0.0	0.06922947761409393	0.0	0.0	0.0	0.0	0.0	0.0	0.08524906717208285	0.0	-0.08153766198223872	0.0	-0.06660027680354604	0.0	0.0	-0.11258713067012932	0.10100721133959481	0.0	0.0	-0.1094511639509274	-0.07956489091511447	-0.0526174038645056	0.0	0.0	0.0	0.0	0.0	0.0	-0.11670435955478058	0.0	0.0	0.06922870294815306	0.0	0.0	0.0642937526131514	0.0	0.0	-0.09636035704170627	0.0	0.13822847734484717	-0.05306456113188437	0.0	0.0	-0.040032358702661676	
-0.11412443032194264	0.0	0.12226745900285617	0.15546922627653095	0.0	0.24583273039817488	0.0	0.0	0.0	-0.12742874757707748	0.0	0.0	0.0	0.11492796161764636	0.0	0.0	-0.3286559492391188	0.0	0.08721234262163907	-0.15006382316769992	0.0	-0.0981371027577329	0.0	0.0	0.10426753942776926	0.13607424878165067	0.0	0.12846421633953053	0.0	0.0	0.21059896615306134	-0.26442910496063815	0.0	0.0	0.0	0.15689805922412603	-0.26636221153540146	0.0	0.0	-0.13578358273979718	0.0	0.0	0.0	0.0	0.0	-0.18200621797557268	-0.17603261149269897	0.0	0.09491071561519664	0.0	-0.11360043996460997	
0.0	0.1014370051294361	-0.1791682714798401	-0.0765537898767736	0.0	0.0	0.0	0.0	0.13559657759024493	0.0	-0.0859132219489837	0.07403920513276435	0.0	0.0	-0.10139851650978271	0.0	0.0	0.0	-0.07571589385438265	-0.09677399903148315	0.0	0.0	0.0	0.0	-0.08363415144278473	0.0	0.10635481164536459	0.0	0.0	0.0	-0.17451500245734683	0.0	0.0	0.0	0.0	0.0	0.0	0.0	0.0	0.0	0.08098160489440578	0.0	0.0	0.09374430362729184	0.0	-0.07122311668102145	-0.10631738993825221	0.06135649675146793	0.0	0.1034545512386381	0.04363164678758664	
0.0	0.0	0.0	0.06280229815807728	0.0	0.0	0.06762595067052427	0.0	0.0	-0.12553083907076648	0.06944514921705985	0.0	0.10298093994022935	0.133738471961612	0.0	0.0	0.0	-0.08076037874709206	0.0	0.0	0.0	0.0	0.0	0.0	0.0	0.0709573979059547	-0.15931202645878653	-0.1332102660738342	0.07470190795542656	0.0	0.0853118452286632	0.11087917425737358	0.0	-0.12123051360541436	0.0	0.0	0.0	0.0	0.0	0.07800829986123099	0.0	0.0	0.0	0.0	0.0	0.0	0.13787663358687105	0.0	-0.08287446059940694	0.0	-0.06830751407636161	
0.0	0.16801976288922119	0.0	0.0	0.09818704320318976	0.0	-0.08071021558160568	0.0	0.0	0.0	0.11050678442107696	-0.0990531066145517	0.0	0.0	0.17394338713060756	0.0	0.0	-0.08360309555582408	0.0	0.21884477912433856	-0.21456272621477718	-0.1672070609088665	0.0	0.0	0.11248994294071517	0.14256331814761378	-0.1936153400015902	-0.20765713276205766	-0.12207465753595165	0.0	0.09968988336239264	0.10774947951145726	-0.15258433179445596	-0.14166231765214696	0.10166542449585077	-0.07700824769945472	-0.11547949201115008	0.0	0.0	0.0	0.0	0.0	0.0	-0.09147552104633073	0.0	0.0	0.18959028451971138	0.0	-0.12375987610425075	-0.11265370377495144	0.15989685431313788	
0.0	-0.11079750990304373	0.0	0.0	0.0	0.0	0.0	0.08996080907049	0.0	0.0	0.0	0.0	0.0	0.0	0.08014062160706943	0.11415804842059638	-0.1759779148225587	0.0	0.059711997533622184	0.0	0.0	0.0	0.0	-0.05723730193367634	0.0	0.0	0.0	0.0	0.0	0.0	-0.06194659460144456	0.0	0.0	-0.06415623701832786	0.06844158227180017	0.06417382614590231	0.0	0.09858287975275572	-0.051605490799315645	0.0	0.0	0.12862324511339865	-0.13264274461279513	0.0	0.09649597746517735	-0.05441101224742529	-0.05693516509997467	0.0	0.04677775927595021	-0.060433604428347075	0.004725383562644745	
0.1520319315873138	0.0	-0.04499691668509982	0.0	0.0	0.0	0.0	0.0	0.0	0.0	0.0	0.11757281224244136	0.0	0.0	0.0	-0.06484754481550839	0.0	0.0	0.0	0.0	0.0	0.0	0.0	0.0	0.0	0.0	0.14077025322472045	0.0	0.0	0.0	0.0	0.0	0.0	0.0	0.0	0.0	0.0	-0.04858456818627853	0.0	0.0	0.0	0.0	0.0	0.0	0.05277118114193668	0.0	0.0	0.0	0.0	0.0	-0.07428864072211844	
0.0	0.0	0.0	0.0	-0.18499180355631886	-0.11896671220573549	0.0	0.1363712632374952	0.0	0.0	0.0	-0.21740543212031005	0.0	0.0	0.0	0.0	0.2297778167104133	0.0	-0.12380452770446156	0.2768569095717043	-0.10085151733604042	0.0	-0.18271559417474859	0.0	0.0	0.0	-0.18693778606365904	-0.2336055066385152	0.0	0.0	-0.1475858325312019	0.24018007922167312	0.0	0.0	0.0	-0.24521797041847967	0.0	0.0	0.0	0.0	0.09584579486236526	0.0	0.0	0.0	0.0	0.2134130581669571	0.2823545886539205	0.0	-0.14443780753689897	0.0	0.23864303043449864	
0.0	0.0	0.0745636470648729	0.0	0.0	0.0	0.0	0.0	0.0	0.07368496588624837	0.07986473576601776	0.0	0.0	0.10362234288643006	0.0	0.0	0.10346450340580512	0.0	0.0	0.1012054721172819	-0.06362662617626329	-0.0776540479179394	0.0	0.08454523264726155	0.07544603205422291	0.0	0.0	0.0	0.0	-0.06064497892699317	0.0	0.07896209583333003	-0.058734961883700594	0.0	0.09380443136948234	0.0	0.0	0.0	0.0	0.0	0.0	0.0	0.0	-0.11099988112308928	0.0	0.07433340911222674	0.1365300871172945	0.0	-0.07319718751128236	0.0	-0.04019621747776989	
0.0	0.08719102558168076	0.0	0.0	0.0	0.0923017011372795	0.0	0.0	0.0	0.0	0.0	0.0	0.0	0.07621651063617317	0.0	-0.06441801170700585	0.0	0.09712592887986835	0.0	0.24180176805930767	-0.05400411677339879	0.0	0.0	0.0	0.0	0.0	0.09079348620930504	-0.13194531223199585	-0.07130961345938931	0.0	0.06528971660302627	0.0	-0.06516524358248713	0.0	0.0	-0.0669642301080971	0.0	-0.09414588703962795	0.0	0.07722441559730527	0.0	-0.0711412513906004	0.0	-0.097535059734194	0.0	0.08594814096882719	0.1665217967614842	0.05682411590413101	-0.0980423520522695	0.0	0.05213872682060586	
0.14340228277133124	0.0	0.0	-0.16088305897238286	-0.12322983629272045	0.0	0.0	-0.10214392199030406	0.0	0.0	0.0	0.0	0.0	0.0	-0.12810037650208267	-0.09615037923395482	0.0	0.0	0.14103764879041944	-0.2362139536966453	0.0	0.0	-0.14642207328954066	0.0	0.0	0.0	0.19306260500203043	0.0969362352114442	0.0	0.09891141887495657	0.0	0.0	0.0	0.0	0.0	0.09672434654967134	0.0	0.0	0.1779326249508248	-0.18045115387561972	0.0	0.0	-0.13027767682781077	0.0	0.0	0.1534376091119761	0.0	0.0	0.1685891927637294	-0.19300898734649571	-0.052336182612758596	
0.0	-0.11978227017549022	0.0	-0.06559049629262624	0.0	-0.12686897507198824	0.07860187415899832	0.0	0.0	0.0	0.0	0.0	-0.079111104624286	-0.08754968369777061	0.0	0.0	0.0	0.0	0.0	-0.149528566413939	0.07972499556648772	0.07848402760308427	0.06424042819082156	-0.07943387937864492	-0.062153622762395874	0.0	0.0	0.11559598048529593	0.0	0.0	0.0	0.0	0.06915928408508723	0.0	0.0	0.0	0.15126868188852646	0.0	0.0	0.0	0.0	0.09557020545947716	0.0	0.11030827343301648	0.0	0.0	-0.08769816038113487	0.0	0.16322017161024005	0.0	-0.02967540291137387	
0.0	0.0	0.0	0.0	-0.15610297093770154	-0.17730110439830937	0.08095030427094822	0.0	0.0	0.0	0.0	0.0	0.0	0.0	0.0	-0.09864121919204798	0.16315757431594005	0.0	0.0	0.0	0.0	0.0	0.0	0.0	0.0	0.0	-0.1399019236178979	0.0	0.0	0.0	0.0	0.14044052564669718	0.0	-0.11844026064053972	0.08293597274374755	-0.14212744988911646	0.19763656735566187	0.0	0.0	0.12231368056221432	0.0	0.10960433975637858	0.0	0.0	-0.11366416178445932	0.11669860152627536	0.11606443298977366	0.0	0.0	0.0	-0.04635804029919811	
0.0	0.13687498552953115	0.0	0.06664982923282826	0.0	0.12950866153931037	-0.08304193811027397	0.0	0.0765034849309854	0.0	0.0	0.0	0.07738709277970503	0.0	-0.08821622454524189	0.0	-0.11811744066099325	0.0	-0.05271713129615652	-0.11753355956122788	0.0	-0.06886439961777996	0.0	0.0	0.0	0.0	0.0	0.0	0.0	0.0	0.12266748873501053	0.0	0.0	0.0	0.0	0.18224760197929046	0.0	0.059037291621193914	0.0	0.0	0.0	-0.08533676645768404	0.0	0.04351027328308987	0.039000844212703674	-0.09351871162651379	-0.11811950317882189	0.0	0.0	0.0	-0.020958531884583867	
-0.05104711840012297	-0.06723632186893362	0.0	-0.04893283854072836	-0.07058579448491294	0.0	0.0	0.041434787437384046	0.0	0.0	0.0	0.0	0.0	0.0	0.0	0.0	0.05244038476452768	0.0	0.0	0.0	-0.0480470709658305	0.0	-0.07079488948809373	0.0	0.042333758751940904	0.0	0.0	-0.045956655499871706	0.0	0.0	-0.05862642112474684	0.10134327753634634	0.0555185825353386	-0.05043238193923178	0.0	-0.0904554123637437	0.07610221101189407	0.0	0.05290923794214729	0.0	0.0	0.0	0.0	-0.04050757824081793	0.0	0.05217721607775928	0.11482341296470679	-0.0373850253996475	-0.04332761777392273	0.0	-0.2169096447252336	
0.0	0.0	0.12272812798762689	0.06253949047615381	0.08682778657320697	0.07741638357592504	0.0	0.0	-0.08220325043144044	0.07061932616083219	0.0	0.0	0.0	0.0	0.0	-0.05512860811714622	0.09082595254243347	0.0	0.0	0.0	0.0	0.0	0.19206555901103783	0.0	0.09165080601821263	0.0	0.0	0.11526387818042148	0.0	0.08456474873201346	0.1289387227402607	0.0	0.0	0.0	0.08984900554524836	0.1445771202534163	0.0	0.0	0.0	0.12724704057936403	-0.12261369854680783	-0.06797858111984405	0.0	0.0	0.0	-0.07310312066439997	-0.06269380810520242	-0.06783110612157985	0.0	0.07331183863794849	0.07430520222298177	
0.0	-0.03994053146124914	0.0	0.0	-0.05437507671430807	0.0	0.0	0.0	0.0	-0.0461929353171588	0.0	0.0	0.0	0.05072989204205732	0.0	-0.04723304155739333	0.0	0.03987478528640176	0.0	0.0	0.03602006721061321	0.0	-0.13756777961828093	0.0	0.0	0.0	0.0	-0.07220105730438575	0.057187637465416094	0.0	-0.03483136008669225	-0.05366026615979696	0.09751203721430568	0.0	-0.040754292836847644	-0.09661075330032219	0.0	-0.055767479722490416	0.06376375739372463	-0.08365427191424285	0.0	-0.06060982036201289	0.0671711384750004	0.0	-0.08171718818421508	0.09077027029061485	0.05091662809653403	0.0	-0.05055982486670181	0.0	-0.04288558388994643	
0.08494311706988765	0.0	0.0	0.0	0.0	0.10753485900357851	0.0	0.0	0.0	0.11364431503029498	-0.12179265942583153	0.0	-0.11262064939694441	0.0	0.0	0.0	-0.08861758539802352	0.0	0.0	0.0	0.0	0.0	0.0	0.0	0.0	0.0	0.1725545879374007	0.21364976168707872	0.0	0.07069558056980753	0.08328142757986448	0.0	0.0	0.0	0.0	0.16744079066524023	-0.07847003166240299	0.0	0.0	-0.11765627940519435	0.0	0.0	0.0	0.11552901568271325	0.13038110686215926	0.0	-0.22416134733028215	0.0	0.21721647613639153	-0.09553790330797395	0.08756464760601386	
-0.07930933646333577	0.07319880641980268	0.0	0.056648873257770724	0.050184033905537356	0.0	0.039821493724791567	-0.07819642576798803	0.0	-0.08382016747991923	0.0	0.13251018334671316	0.0	0.1071583402063938	0.0	-0.11953287814749018	-0.05407298426021396	0.06333366421504967	0.07483790421530352	0.0	-0.04116534782207369	0.0	0.0	0.0	0.0	0.0	0.05936958324856161	0.0	0.14771485550495617	0.0	0.0	-0.09537852009961197	0.0	0.0	0.0	0.0	0.0	-0.05429327460672413	0.0	0.0	-0.11908657396201994	-0.06892997276388095	0.0	-0.06975521505198816	-0.06801065617016844	-0.08941044191430327	0.0	0.0	-0.07422623537530731	0.06212968425172152	0.0403353690301274	
0.0	-0.10832632375550853	0.0	-0.05702740972068221	0.0	0.0598917079421519	-0.049526655112487605	0.0	-0.1493042239390499	0.11694822901929061	0.0	-0.07164257839179468	-0.0833403099947436	0.0	0.0	0.0	0.0	0.0	0.0552606019330648	0.0	-0.04576082071976935	0.0	0.0	0.07253332900437122	0.0707006968253127	0.0	0.0	0.0932636787766789	-0.07398823710942423	0.06604343534879475	0.05500226685504278	0.04977270037855152	-0.14775244099190732	0.0	0.0	0.0	0.0	0.0	0.0	0.0	0.0	0.0	0.0	0.0	0.052754913044259916	0.0	0.0	0.0	0.0	0.0	-0.047655148740292544	
0.0	0.11093564788842107	0.0	0.13817373938349548	0.0	0.07660780860432786	0.0	0.0	0.0	0.0	0.0	0.0	0.0	0.0	0.11011681384495564	0.0	0.0	0.0	0.0	0.22716526899042028	-0.12095336197032625	-0.06322434149246517	0.0	0.0	0.07512249432252248	0.11028198197500738	0.0	-0.1304797768208056	-0.0650590462068803	0.07759022117062483	0.10647229584450035	0.0	0.0	0.0	0.0	0.0	-0.08285079772539204	-0.060738442846533514	0.0	0.0	-0.07158829305007446	0.0	0.11502097019351377	0.0	0.0	0.0	0.21229039886917594	0.0	-0.11585910381623077	0.0	0.12423094548498495	
-0.060909307828328936	0.0	-0.07199966765372341	0.0	0.0	0.0	0.0	0.0	-0.061161181779889114	0.0	0.0	-0.09541927577332468	0.0	0.0	0.0	0.09108444231417363	0.12543315433980412	-0.10578566712490833	-0.08697343362636524	0.08503779655690114	-0.11030676789426415	-0.11679533828570253	0.0	0.0	0.0907431990043969	0.0	0.0	0.0	0.0	0.09368475662628857	0.0	0.19262036957081266	0.07674695669945741	0.0	0.0	-0.05767565925641342	0.0	-0.05988731658405817	0.06055761996177836	0.0	0.0	0.07709911216268107	0.07347202402274124	0.0	0.0	0.08714069116696149	0.1645936373923546	0.0	0.0	0.0	0.10523410541606515	
0.08420780599774509	-0.06687386657943116	0.0	0.0	0.0	-0.07788837448868932	0.0	0.1151882192305753	-0.08289838007959155	0.0	0.0	-0.09669235426728177	0.0	-0.12850686814958917	0.0	0.0	0.0	0.0	0.0	-0.1026600603772932	0.0	0.0	-0.09086545919453541	0.0	0.0	0.0	0.0	0.0	-0.07578933070936156	0.0	0.0	0.05831446872466592	0.0	0.0	0.0	0.0	0.06566769526343799	0.06593647693054504	0.0	0.0	0.0	0.0	0.0	0.0	0.0	0.0	0.07999278959017128	0.0	0.0	0.0	-0.03094032637256454	
-0.08877563185260638	0.0	-0.09338816927330698	0.0	0.058900402231633724	0.0	0.056214861575094144	0.05101679215134954	0.0	0.0	0.0	0.0	-0.07216681116515765	0.0	0.08590945424125149	0.0	-0.059979781271693684	0.0	0.0	0.05796529781844389	-0.1252147395445859	0.0	0.0	0.0	0.0	0.0	0.0	0.0	0.0896430665666254	0.05117135996572248	-0.14101482784155145	0.0	0.0	0.0	0.0708887322724009	0.0	-0.0812617681372148	0.0	-0.10892268406176953	0.0	0.0	0.0	0.0	0.0	0.0	-0.10642325430337359	0.0	0.055558599553532685	0.0	0.0750072570385741	0.1132236641532362	
0.0	0.0	0.11673827119540614	0.054667532298376356	0.0	0.0908874520340302	0.08334587121957453	0.0	0.0	-0.11732911357929927	0.0	0.10914150233456087	0.0	-0.08928832151360315	0.0	-0.15526271421516308	-0.21823027495814934	0.058799545949837516	0.1571868951185721	-0.06249549945775376	0.0754172499376197	0.0	0.0	0.0	0.06311578220060826	0.0774217982057101	0.08803132443887056	0.0	0.0	0.0	0.16780331440422847	-0.1290223506163185	0.0	0.0	0.07895848938131653	0.15471746970020156	0.0	0.0	0.0	-0.07686792454008419	-0.07411293604620024	0.0	0.0	0.09479850315536989	0.08936238021242393	-0.133213905527599	0.0	0.0	0.1198045406735725	-0.12768493194615108	0.014095642412896636	
0.0	-0.1303278791997956	-0.03982718860034423	-0.11035587020218385	-0.07684265500455159	0.0	-0.07919721371780011	-0.08187565445285727	0.0	-0.053502326987291675	-0.07931125144428798	0.0	0.0	0.0	0.0	0.0	0.0	0.0	0.0	-0.06864511868349955	0.06465392562901744	0.0	-0.07947730924110424	0.1087560601324855	-0.06334086492660848	-0.05858600766608195	0.0	0.0	0.0	0.0	-0.05884733350919772	0.0	0.0	0.0	0.0	-0.11716703792607931	0.12256212661087504	0.0	0.0	0.0	0.0	-0.08005564461032376	0.06154370956190663	0.07134526682485268	0.0	0.045961062290201714	-0.04936323221287791	0.0	0.0	0.07693767868459166	-0.07432654508759046	
0.0	-0.1509519743881545	-0.08991633056952528	-0.11043248028104775	0.0	-0.15096884608430822	0.0	0.0	0.0	0.0	-0.15198052888608138	0.0	-0.11775547240147746	-0.1007086736646095	0.0	0.0	0.07641422376073247	0.06031984626426121	0.0	-0.06271002387692444	0.07731527503203431	0.06734580667462975	0.0	0.0	-0.09268545066507214	-0.08511206257313415	0.0	0.11451091607755147	0.0	0.09087689887892726	-0.07604196952262325	0.0	0.0	0.0	0.0	-0.12298209585781769	0.16284375910477644	0.0	0.0	0.0	0.0	0.0	0.0	0.0704056664792041	0.0	0.0	-0.13929791386238538	0.0	0.08846018549171937	0.0	0.06857630877227795	
0.0	0.0	0.0	0.0	0.0	0.0	-0.07461578864754943	0.0	0.0	0.05867857536241834	-0.07397109228936428	0.0	-0.14578696292800766	-0.04745461534021321	0.0	0.16953668508258352	0.0	0.0	-0.058670607240993426	0.0	-0.11203178337153506	-0.08149794324913114	0.08365435173377332	0.0	0.0	0.0	0.0	0.09093645603047135	-0.07462761596572175	0.06009863331248615	-0.08171430915103137	0.0	0.0	0.07129248948414012	0.0	0.0	-0.09588430467643198	0.0	-0.08692432369465328	0.0	0.0	0.056935202978183906	0.0	0.0	0.0	0.0	-0.05633620026181311	0.0469563512765585	0.0	0.10639108463497146	0.09722897531675423	
0.0	0.0	0.0	0.0	0.16928443390771805	0.0	0.0	0.0	0.0	0.0	0.0	0.0	0.08745922645864354	0.0	0.0	0.13093986395627627	0.0	0.0	0.0	-0.2701463740671428	0.05903539981418403	0.0	0.11606409177639582	0.0	0.0	0.0	0.0	0.16077314803805448	0.0	0.0	0.0	-0.14962845272417255	0.09120859435156738	0.0	0.0	0.13768460821264497	-0.10601292604877659	0.0	0.0	0.0	-0.08404511097471357	0.0	0.08861045954814697	0.0	-0.06707460967065473	-0.16835939793114219	-0.21912499736565524	-0.12967733626232975	0.0	0.18881021940751935	-0.19042471806510905	
0.0	0.12453678882061162	0.06386410572205992	0.0	0.06667275457074837	0.0	0.0	0.05411668120286536	0.0	0.0	0.07673932553744653	-0.12795561733131636	0.0	0.0	0.0	0.0	0.0780025841070979	0.0	-0.12851082303285874	0.1700421342593873	0.0	-0.06350533380219235	0.0	0.0	0.0	0.0	-0.1630842148560085	-0.10545630350614131	0.0	-0.11907200107400968	0.0	0.12333070165448977	-0.1023112012397209	0.0	0.0	0.0	0.0	0.0	-0.09417603955078095	0.15065065717983256	0.0	0.1031157430139966	0.0	0.0	0.0	0.08462448581306367	0.0	0.05907988019777262	-0.07163322061904147	0.0	0.09311806035251677	
-0.08133475764801404	-0.0957684848866838	0.0	0.08967762835913143	0.0	0.07834317044144518	0.0	0.0841792580753258	0.0	-0.08602211220381807	0.07808954390437399	0.0	0.0	0.15090395413466914	0.0	0.0	-0.0629002069083943	0.0702759711206357	0.0	0.08709981209202716	-0.06587933277249454	0.0	0.0	0.0	0.0	0.0	0.0	-0.05783502799359293	0.0	-0.11580150852827849	-0.06054969392160893	0.0	0.0	-0.10862417134300008	0.0	-0.10776664033950452	0.0	0.0	-0.07257994561087455	0.0	0.11789533316896901	0.0	0.0	-0.12103619543110472	0.0	0.052021201434322255	0.0	0.048292675298667154	-0.10432787675754938	0.12440086903359213	-0.06371943966192754	
-0.0796085947522072	0.0	0.0	0.055588996385768454	0.0	-0.1153491151449752	0.06864324398182887	0.0	0.0	0.0	0.0	0.0	-0.1378841063338179	0.0	0.12189164607103543	0.0	-0.12264779765050292	0.09280653172530672	0.0	0.0	0.0	-0.08764705053600418	0.0	0.0	0.0	0.08044840423118528	0.0	0.0	0.0	0.0	-0.12819628997103427	0.0	0.0	0.0	0.0	0.0	0.11039305201515257	0.06777941638155721	-0.0865483155213999	0.0	0.0	0.136895687467843	0.0	0.0	-0.08614121204499664	0.0	0.0	0.09100818257933811	-0.057604227603782	0.0	0.04412497127519037	
0.0	0.0	0.03654341923128089	0.05570027232395439	0.0	0.0	-0.03552498992719849	0.0	0.0	0.0	0.0	-0.0702244077553653	0.0	0.0	0.0	-0.03767038381983041	0.0	0.0	-0.03339847871502867	0.0	0.0	0.0	-0.04292945257601561	0.07427021644158927	0.10206140951430298	0.0	-0.07162357615952789	-0.03614973734176823	0.0	0.0	0.0	0.0	-0.04935108581443181	0.0	0.03547722875351112	0.0	0.0	0.0	0.0	0.0	0.0	0.0	0.07698251842400308	0.05943314335829602	-0.032852621145253974	0.0	0.05476791687255448	0.06718885259820966	0.0	0.0	0.04606514872533845	
0.12579369443553218	0.1845193340100173	0.07302084246037331	0.0	0.0	0.16915875576211095	0.0	0.0	0.08026112532162286	0.0	0.0	0.0	0.0	0.11923398827989601	0.0	0.0	-0.08540781526489755	0.0	-0.1087117809154945	0.0	-0.07844748999460473	-0.23860327507188217	0.0	0.08754719582952784	0.15236327327758895	0.0	0.0	0.0	0.0	0.0	0.1432808635008012	0.14224343805296863	-0.16691534116836906	0.0	0.0	0.15655413340050314	-0.15189851942383403	0.0	0.0	-0.10744522305479702	0.0	0.0	0.0	0.0	0.0753606947523967	0.0	0.0	0.0	0.0	-0.13043881741690655	0.03211888867521244	
0.0	-0.1427299753872048	-0.08306658835821394	-0.10053145975994388	0.0	-0.08689161193162377	0.0	0.08541134341204902	0.0	0.0	0.0	-0.13863558463973336	0.0	0.0	0.0	0.09979585901809433	0.12724622256798662	0.0	0.0	0.0	0.0	0.10775732083284058	-0.0858533397354538	0.0	-0.11632378130030517	0.0	-0.11953354235434112	0.0	0.0	-0.06726703646357274	-0.08003029330462606	0.11675686385381133	0.0	0.0	0.0	-0.09579582603381201	0.0	0.0	0.0	0.0	0.07619187438010797	0.08118519863323377	0.0	-0.06057101763354856	0.0	0.09361998060009834	0.0	-0.0748647823392092	0.0	0.0	-0.047609846019887526	
0.053685165459897904	0.0	0.08161443275096468	0.06247672842901199	0.0	0.06770624445558639	0.0	0.07419598313000553	0.061760905351931926	0.0	0.0	0.0	0.0	-0.06622437398997497	0.0	0.0	-0.09705912547506582	0.07018414509371751	-0.043710022599470495	-0.07510677957196903	0.11289017246593905	0.0	0.0	0.0	0.0	0.0	-0.05594892681754878	-0.07835433361518832	-0.08964020582067024	-0.05337880823075037	0.162482941686387	0.0	0.0	0.0	-0.05963270520892433	0.056750099811711155	0.09814729441822463	0.05873937729474682	0.0	0.0	0.06862976971528335	0.0	0.07951852585811892	0.0	0.0	0.0	0.0	0.0	0.0	-0.05784860174005639	0.0535837009533775	
0.0	0.0	0.0	0.0	0.0	-0.11043989249785856	0.0	0.0	0.0	0.0	0.08675784863088104	-0.07624721162681937	0.0	-0.065349867626433	0.06125590604787151	0.09166089421837975	0.1732512789271722	-0.07534762375729201	-0.08012885157176541	0.0	0.0	0.0	0.0	0.0	0.0	0.0	-0.20189703790637165	-0.15431764448679322	0.0	0.0	0.0	0.18905658121817778	0.0	0.0	0.0	-0.08550142411289643	0.11468040566409325	0.0	0.0	0.14226503607835805	0.0	0.0	0.09518970918371346	-0.07219114939458718	-0.05531210860940332	0.0	0.24559917678914056	0.0	-0.14139318490008074	0.0	-0.047134736833118966	
0.0	0.12826892799825218	0.0	0.05957895053672002	0.0	0.0	-0.09964859210490025	0.0	0.0	0.0	0.0	0.0	0.0	0.0	0.0	0.0	0.13241757844672467	0.0	-0.12448596789895604	0.2013975880150006	-0.09373811151249449	-0.08641971084325663	0.0	0.0	0.0	0.0	-0.10705946335762236	-0.14993920034002464	0.0	-0.06680918403693256	-0.07190797224598758	0.08752217173256488	-0.09880112218195027	-0.09618556794696904	0.06995863002754892	-0.127166851258711	0.0	0.0	-0.05738311797040974	0.13716053738622236	0.0	0.0	0.0	-0.05814205249712188	-0.05292119226648156	0.0	0.1264803322454692	0.10220185702158159	-0.13199159115157721	0.07745072717564797	0.023115713489289442	
0.0	0.0	-0.0752112458811254	0.0	0.0	0.0	0.0	-0.07633355856838936	0.08584142550647676	0.0	0.0	0.0748067287421833	0.0	-0.06031886291107623	0.0	0.0	0.0	0.0	0.13985849110298512	-0.09826354149944451	0.09992447788202002	0.14264387304081882	0.0	-0.06853112110565271	-0.1545612844941545	0.0	0.16456064450526028	0.15753443092494307	0.0	0.0	-0.11975680647199512	-0.1860497306718827	0.1185548426755467	0.0	0.0	0.0	0.0	0.0	0.0	-0.09011826711536766	0.0	0.0	-0.11018341675181477	0.0628821121551515	0.0	0.0	-0.17893506310367094	0.0	0.22860702607243422	0.0	-0.06543519296181166	
0.0	0.1754065334430881	0.0	0.20083631367714863	-0.12348109138990754	0.1522955788240794	0.0	0.0	0.13952545248028908	0.0	0.0	0.11333286561695402	0.26415641732571565	0.0	-0.1727097484574692	0.0	0.0	0.0	-0.11014243878733883	0.0	0.0	0.0	0.0	0.0	0.0	0.0	0.08909515633718527	-0.11946313878205059	0.11611686204002533	0.0	0.0	0.0	0.18531413757024826	0.10975765783881085	-0.1051227296043289	0.21199608749128007	0.0	0.0	0.0	0.0	0.0	0.0	0.0	0.0	0.0	0.0	0.0	0.0	-0.14278077988224402	0.1229965298415065	0.029627775357285776	
