0.36002029173322947	0.0	0.0	-0.0828931311887891	-0.06813205249272028	0.0	0.0	0.08288416138432252	0.0	0.0	0.0	-0.1165893700028882	-0.08348519319078153	0.0	0.10069799550775277	-0.07787341180492587	0.0	0.0	0.0	0.100456492277476	0.0	0.0	0.0	0.0	0.08097062743091703	0.0	0.0	0.0	0.0	0.0	0.0	0.06596543076552137	0.0	0.0	-0.1253181931219831	0.05900335638562992	0.0	0.08526867136544761	-0.13434520219877966	0.0	0.0	0.0	0.0	0.0	0.0	0.1615302751274298	0.0	0.0	0.0	0.0	-0.1039348578761364	
-0.08646966274667345	0.37426895382919595	0.0	0.06510148673878406	0.0	0.0	-0.09268130731498472	0.0	0.0	0.136699214554629	0.0	0.0	-0.09355312681126002	0.0	0.0	-0.06923396689707041	0.08802166385030967	0.11444998433999488	0.0	0.0	0.0	0.06639718693767759	0.0	0.0	0.0	0.0	0.0	0.0	0.0	0.0	0.0	0.0	-0.07448409519519601	0.09660660621677614	0.0	0.0	0.0	-0.09035969643861036	0.2162444939931257	-0.09881685617845071	0.0	0.10961174030276534	0.0	-0.08447109923326926	-0.14521943153007427	0.10484069722495123	0.0	0.0	0.0	0.0	0.003300278588718589	
0.0	0.0	0.27114865080632067	0.0	0.060322825381830425	0.13756099900480784	-0.06502842796173636	0.0	-0.09213376097879668	-0.06078310158637134	-0.14335726602316845	0.07303442590306575	0.0	0.0	-0.06898051613471513	0.0	0.11898092108113786	0.0	0.0	0.0	-0.06394367875794857	0.0	0.0	0.07388181804498835	-0.10966281908726071	0.071813623314956	-0.16874518160131527	0.0	0.06154878061665296	0.0	0.1554104499664731	0.07176534713991531	0.0	0.0	0.0	0.0	0.0	0.0	0.11847464288967757	0.06962393831884678	0.0	0.0	0.09998315963214308	0.0	0.0	0.0	-0.0713658620220778	0.0	0.0	0.0	0.05741654953521678	
-0.0684046027846707	0.0	0.0	0.47736914908214495	0.0981395554508215	0.0	0.0	0.0	0.0	0.0	0.0	0.09962944269423707	0.0	0.0	0.0	0.0	0.0	0.0	0.0	0.0	0.050676136169327146	0.0	0.12464531028827973	-0.06293913370767201	0.13807327981844683	0.0	-0.09796358332293055	-0.05337811918551683	0.0	0.06641463293227663	0.060547591691277214	0.0	0.0	0.0	0.0	0.05172173060444491	0.0	0.0	0.0808532436991236	0.0	0.0	0.0	0.0	0.0	-0.08512661213407201	-0.13597695286251235	0.0	-0.08034903480406229	0.0	0.0	-0.019130253889412266	
0.0	0.0	0.0	0.1003394682565556	0.3040917704388527	0.0	0.0	0.0	-0.08094166343025647	0.0	0.06572376410030543	0.0	0.0	-0.0865687016692963	0.0	0.0	-0.10873526403671878	0.0	0.0740564383973457	-0.08733291890988121	0.0	-0.11345739268234532	0.0	-0.07232514551580728	0.0	0.0	0.12680150352190575	0.0	0.0	0.0	0.0	-0.08918177412456117	0.0	0.0	-0.06034776983322644	0.0	0.0	0.0	0.0	0.0	0.0	0.0	-0.10316972329629609	0.0	0.0	0.0	0.0	0.0	0.0	0.0	-0.02259711985727668	
0.0	0.08537419120586963	0.09341396120480792	-0.06346811975354291	0.0	0.40034406932943467	0.0	0.07569894284592855	0.0	0.0	0.0	0.0898245292867026	0.0	-0.06721601869878141	0.0	0.0	0.0	-0.06732081986344066	-0.07832962780910092	0.0	0.05827806454870985	0.0	0.0	0.12637683309383957	0.0	-0.07159969364447502	-0.07888421565836834	0.0	0.0	0.07822129691048244	0.08478929923326844	0.10768784908865378	0.0	-0.05233379822776302	0.0	0.0	0.0	0.06534071428463563	0.0	0.0	0.0	0.0	0.0	0.0	0.0	0.0	-0.0856415467983255	0.0	0.0	-0.06158881378176728	0.15122763834288955	
0.0	0.0	-0.07792392650299713	-0.062034986683069726	0.0	0.0	0.26416229959019005	0.0	-0.11127273561962066	0.0	0.0	0.0	0.0	-0.054146316457990465	0.0	0.06122236594540267	0.0	0.0	0.0	0.05698316882386447	0.0	0.0	0.0	0.13904275722331552	-0.08509882435203144	0.0	0.0	-0.07696191698816526	0.0	0.0	0.0	0.1029046932681779	-0.08828121555995164	0.0	-0.1517763572227403	0.0	0.0	0.0	0.0	0.06952038605779062	0.0	0.08213048101685147	0.060551280608815615	0.07620266665110462	-0.05074415984173425	0.10289151536897918	0.0	-0.12300861438910175	0.0	0.07635342922385562	-0.015535678056803984	
0.06981281588225763	0.06692141590165618	0.0	0.0	0.05763264242148551	0.06372467014753204	0.0	0.25787019033103264	0.0	0.0	0.0	0.0	0.0	0.0	0.0	0.047727903358728334	0.0	-0.09049922807405719	0.0	0.0	0.0	0.0	0.08334455492241255	0.0	0.0	0.0	0.0	0.0	-0.07093420671987813	0.0	0.0	0.0	0.06197057945718457	0.0	-0.06747936028510665	0.0	0.0	0.0	-0.06767826996184782	0.058167479604800384	0.0	0.0	0.08102494949279154	0.0	-0.04967856284154004	0.0	0.0	-0.052300698074145696	0.0	-0.05827275018542966	0.032812867115398325	
0.0	-0.055895721545064225	-0.08361429364300428	0.049713312333533106	0.0	0.0	-0.051242054190384946	-0.09893638227831274	0.38193489485136906	0.0	0.0	0.09510649834885827	-0.07686395905642132	0.0	0.0	0.052240255009392784	0.0	0.1268267065628977	0.0	0.0	0.0	0.0	-0.10996948197511645	0.0	0.0	0.0	0.07000872926694057	0.0	0.06865430998320655	-0.06256321031520602	-0.09129343366496784	0.0	0.0	0.0801636013754695	0.0	0.0	0.0	-0.11315161168277253	-0.07793833798730039	0.0	0.0	0.0	0.0	0.0	0.0	0.0	0.0	0.0	0.0	0.07150038147740595	-0.1812608558459903	
0.0	0.08636918466104478	0.0	0.0	0.0	0.0	0.0	0.07921418026201733	-0.054546108686400946	0.29876824544253544	-0.07671370794083485	0.0	0.0	0.10144786114134337	0.0	0.0	0.0	0.0	0.0	-0.07115249068171271	0.0	0.0	0.0	0.0	0.0	0.0	0.0	0.0	0.0	0.0	0.0	0.0	0.0	0.1054522098755931	0.0	-0.07760465392391476	-0.05897329860513189	0.0	0.0	0.07383588495916123	0.0	0.0	0.0	0.0	0.0	0.11356544366046355	-0.08359279222056579	0.0	-0.07581287238706813	0.0	-0.0023507022499223047	
0.0	0.0	-0.13406922678787397	0.0	0.0	-0.12373133017629867	0.0	0.04923017650936184	-0.12759191600406322	-0.06775480488715677	0.2793172997099716	0.08907863245281161	0.05709514227605638	0.0	-0.05491822085631573	0.0	0.0	0.0	0.0	-0.08471902330412455	0.0	0.0	0.0	0.116059978697188	0.1533729465178682	-0.10703210191199031	0.05098397134748304	-0.0985566530929273	-0.054252604673375344	0.0	0.09427884434355055	0.0	0.0	0.0	0.0	-0.0894348907227238	0.0	0.0	0.0	0.0	0.0	0.0	-0.09085414413413301	0.0	0.0	0.0	0.0	0.0	0.0	0.0	0.01802702327470438	
0.0	0.0	0.0	0.0	0.07676355781018021	0.0	0.0	0.05613779435768875	0.0	0.0	0.0	0.4614975131404655	0.0	0.0	0.0	0.07787375541265054	0.0	0.0	0.0	0.0	0.0	0.0	0.0	0.0	0.0	0.0	0.0	0.0	0.07473134029110895	0.0	0.11110721710600291	0.0	0.0	0.0	0.0	0.0	0.0	-0.06325627105052724	0.0	0.0	0.0	-0.0536410347595806	0.0	0.0	0.0	-0.07556894872124288	0.0	0.0	0.0	-0.07678898023935975	0.020961957289961003	
-0.09752810279125709	0.0	0.0	-0.04739491106545115	0.057615028072824724	0.0	0.0	0.05123751486814633	-0.07848040758311287	0.0	0.0	0.0572368317366189	0.2674923878823224	0.0	-0.08352281314085767	-0.07810483455191487	0.0	0.06736550893786018	0.0	-0.04650594362201545	0.0	0.0	0.0	0.0	0.0	-0.04780478653804672	0.0	0.0	0.0	-0.07953401333199858	0.0	0.0	-0.0490503852616891	0.0	-0.04457421127521402	0.0	0.0	0.05364885764243771	0.0	0.059907976198843894	0.0	0.0	-0.07400332071280204	0.05483466994346884	0.0	-0.0758578294031066	0.04662820054243329	0.0	-0.07993350355466035	0.05698991498687498	-0.030082916078486323	
0.0	0.0	0.0	0.0	0.0	0.0	-0.05721693144429763	0.0	0.0	0.06020773176853022	-0.07186035470242691	0.0	0.0	0.3498567479518266	0.07137676463596106	0.0	0.0	0.12473568266081765	-0.08295257372707779	0.052802511545896005	0.077291663841847	0.0	0.13086713008966339	0.07066197865263585	0.0	0.0	0.0	0.0	0.0	0.0	0.0	0.0	0.0	0.0	0.0	0.07966416358878167	0.0	0.0	0.0	0.0	0.1236625956487688	0.0	-0.08723293957072403	-0.09384144736987741	-0.07468289016449395	0.0	-0.09099752331028454	-0.078783977942585	-0.18885512275230884	0.0	-0.062421793714198946	
0.0	-0.06002627499469353	-0.10453409121290314	0.0	0.0	0.0	0.0	0.08700077671259179	0.0	0.0	0.0	0.0	0.0	0.0	0.35004187146319515	0.06924391626579136	0.08530401658169254	0.0	0.05992609842090212	0.0	0.0	0.0	0.10078111565576182	0.0	0.0	0.0	0.0	0.05798225030737954	-0.10030246672336751	0.06354604518020768	0.0	0.0	0.0	0.10796127590978635	0.0	0.0	-0.06736472919362255	0.0	-0.06609674477995797	0.0	0.09212293120577462	-0.06522179892429553	0.0	0.0	-0.08127009341704489	0.0	0.0	-0.0676839854524939	0.0	0.0	0.011026021354825163	
0.0	0.0	0.0	0.0	0.0	0.0	0.0	0.0	0.0	0.0	0.0	0.0	-0.05218119931528131	-0.057957168513996724	0.07521481774070256	0.38794311582225194	-0.05674381794331517	0.0	0.08948390194903405	0.0	0.08237748782040706	0.0	0.0	-0.0842150853195393	0.0	0.0	0.0	0.0	-0.06157976548836879	0.08078484902898773	0.0	0.0	0.0	0.0	-0.06079416069545227	-0.047214443035686754	-0.08690266851944294	0.0	0.0	-0.06700312865851835	0.0	0.0	0.0	0.0	-0.0749302183928062	0.05548818738924805	0.0	0.0	0.0	-0.05304102946321899	0.07820190571248425	
0.0611479477349139	0.0	0.0	0.0	0.0	0.0	0.050853513757185415	0.0	-0.05974054096796993	0.06537250134461198	0.0	-0.1278384903118996	0.0	0.0	0.0935735234936063	0.0	0.2924782746072845	-0.09247341905825171	0.0	0.057519502570716835	0.0	0.0	0.08019431173620398	0.0	0.0	0.0	-0.09529629334473005	0.0	-0.07769916072090008	0.0	0.0	0.05285031504389433	0.0	-0.10764638395159912	-0.057914249374519416	0.05157397155551034	0.12296151346323624	0.08215865405413046	-0.06442679730301787	0.0	0.0	0.0	0.10292232452302941	0.0	0.09302290922737347	0.0	0.0	0.0	0.10792506331725991	0.0	0.015260777013579502	
0.0	-0.06700171204495081	-0.14177076414463266	0.0	-0.05004590258155446	0.0	0.0	0.0	0.0	0.0	-0.06674681829319554	-0.06281129334453371	0.0	0.0	0.0	-0.09441515373512141	0.0	0.21349921698860647	0.0	0.16142794807257674	0.0	0.06292991979287965	0.07986367651598428	0.0	0.10366599576470732	-0.07603238602459984	0.1290847959370584	0.0	-0.05746280700974081	-0.08538748488046768	0.0	-0.05150764365046353	-0.056965578208904244	0.05479841712050061	-0.05468598290190685	0.0	0.0	0.0	0.0	0.0	0.0	0.0	0.0	0.0	0.0	0.0	0.05569452304352939	-0.1055707132165636	0.0	0.0	0.01710431895087347	
0.0	0.0	0.0	0.0	0.08689589541892341	-0.05960319311701584	-0.08212798612366419	0.048904081352988064	0.0993480812116266	0.0	0.0	-0.07179751989135444	0.0	-0.12860038573678031	0.0	0.06762990557168856	0.0	0.0	0.32599698461243054	0.0	0.05783635521747289	0.0	0.0	0.0	0.0	0.0	0.04840381613251291	0.12077984581869655	0.0	0.0	0.0	0.0	0.05288908096974953	-0.0639830141592551	0.06699241776174766	0.05994593294215966	0.0	0.0	0.0	-0.045241501409750785	0.06315245495863647	0.0	0.0	0.0	0.0	0.0	0.0	0.0	0.0	0.0	-0.07623189670102208	
0.0	0.0	0.0	-0.10559743542408946	0.0	-0.05828428074724346	0.0	0.0	-0.06694130279049648	0.0	-0.07561142640535932	0.10731509808086791	0.0	0.0	0.0	0.0	0.0	0.0	0.0	0.28255121169267344	0.0	0.07487486481093678	0.0	0.0	0.07917385171009662	-0.13033906075913143	0.0	-0.0805162146301868	0.0	0.09279533376451798	0.10129894667244689	-0.1080117022816137	0.0	0.0	-0.11293533781249658	-0.0849673607209605	0.0	0.0	0.0	0.0	-0.07060341798405477	-0.12230688860536924	-0.08022395553912456	0.0	0.0	0.08938847121193111	0.0	0.0	0.0	0.0	-0.022459320113364722	
-0.06339936430373132	0.0	0.0	0.11211357002208716	-0.11709748912539081	0.14909789648879201	0.0	0.0	0.0	0.0	0.0	-0.06568307163147694	-0.07887686978267208	0.0	0.0	0.0	0.0	0.08484725467802526	0.08760645794283405	0.0	0.3212833678561656	0.08160664037763674	0.0	0.08725361855834342	-0.06461250253602055	0.0	0.0	0.0	0.06082513301952834	0.0	0.0	0.0	0.0	-0.07061103337680984	0.0	0.0	0.0883487337076651	0.0	0.0	0.0	-0.08890415153484692	0.0	0.1225685627111214	0.0	0.0	0.0	0.10346493392163507	0.0	-0.0772164116314856	0.06811423002595202	-0.010912947988278639	
0.0	0.0	0.0	0.0	0.0	0.0	0.0	0.061906067360895226	-0.10392528816455171	-0.06233272420674866	0.0	-0.07133034775300667	0.0	0.0	0.05198320508480689	0.0	0.0	0.0	0.0	0.0	0.0	0.254307367102829	0.04820370297979029	-0.08681077644255311	0.0	0.1051340801910078	0.0	0.05276888281633246	-0.04878601227962141	0.0	0.0	0.0	0.08264664138408775	0.0	0.04249610263669098	0.0	0.0	0.0	-0.05854831698838182	0.057322056302204674	0.0	0.0	0.0	-0.043609898656140185	0.0	0.06876128714035572	0.0	0.0	0.0	0.0	0.04624245370314297	
0.0	0.1928353823726152	0.0	0.0	0.0	0.0	-0.06635285018332222	-0.07243617445039564	0.0	0.0	0.0	-0.0873584608614315	-0.1045748509611524	-0.06837393957613774	0.07011531406285292	0.0	0.0	0.0	0.0	0.11509878522940468	-0.0667451573010325	0.0	0.41065379841523075	0.0	-0.11505205077411608	0.15074355840252496	0.09320700914583226	0.0	-0.07755044263256647	0.0	0.0	-0.15752243526412021	0.14714378135275052	0.0	0.0	0.0	0.0	-0.09117125403796641	0.07732883460355248	0.0	0.0	0.0737600776983573	0.08067299113248398	-0.07337352326997056	-0.07595236231819741	0.1047131233503847	-0.07776197180580055	0.0	-0.07445013812606485	0.0	-0.045527218127298	
0.0	0.0	0.0	0.0	-0.04855089354802707	0.08169305552489492	0.0	0.0	0.06299102942881545	0.053398030754030185	0.0	0.0	0.0603458631693672	0.0	0.0	-0.050871579050484624	0.0	-0.05839765848016895	0.0	0.0	0.0	0.0	0.0	0.3635380073399209	0.0	0.0	-0.12139988833387512	0.08571264368881583	-0.06430136183333171	0.07283126322230028	0.0	0.0	0.0	0.0	0.0	0.08504499214042105	0.0	0.0	0.0	0.0	0.0	0.0	0.07117724489573064	0.0	0.05818777415245573	0.0	0.0	0.0	0.0	0.0	0.033710737317460694	
0.0	-0.0649277933843976	-0.10273872538993482	-0.05299166221299295	0.0	0.0	0.0	0.0	0.0	0.06257516983371303	0.0	0.0	0.0	0.0	0.0	0.0	0.0	0.0	0.0	0.0	0.0	-0.09893649641654935	0.05435834806599199	0.08160973841409168	0.3177811750534942	0.0	0.0	0.0	0.0	0.07013795858887494	0.0	0.0	0.0	-0.048597459444030024	0.0	0.07754912626584598	0.0	0.0	-0.05937531591111581	0.0	0.06587757097936048	0.0	0.0	0.0	0.05445181521746494	0.0	0.11096941086622895	0.0	0.05585850826596271	0.0	-0.12095498610482688	
0.0	0.10773581841432293	0.12941445488768905	0.08837374573279404	0.11437079692344729	0.0	0.0	0.0	0.0	0.0	0.0	0.0	0.0	0.0	0.0	0.0	0.0	0.0	0.0	0.0	0.0	0.0	0.0	0.0	0.0	0.28696613721015496	-0.13503155762077976	0.0	0.0	0.0	0.07482863779903844	0.0	0.11042663297941403	-0.11423778740119098	0.0	0.0	-0.11469668382163513	0.0	-0.07489067173398781	0.0857780197751845	-0.09161459085107668	0.0	0.0	0.0	0.0	0.0	-0.11573067215123288	0.0	-0.07803557722837189	-0.07404129389012544	0.12007005712829137	
0.0	0.0	-0.1715948024378318	0.0	0.0	0.0	0.0	0.0	0.0	0.09983010030838084	0.0	0.0	0.10044116297214867	0.0	0.0	0.0	0.0	0.0	0.0	0.065338944174266	0.0	0.0	0.07225532623725239	0.0	0.0946496104183248	-0.07835569650424713	0.3202321837317583	-0.08646659918116975	0.0	0.0	0.0	-0.11248310543720441	0.0	0.08300675012171456	-0.10139916040396671	0.0	0.0	0.0	0.0464438884651237	-0.06712584386964786	0.1237260705462854	0.0	0.0	0.0	0.0	0.0	0.0	0.0	0.10065858062849548	0.0	0.022550515238363152	
-0.08541473189801377	0.0	0.15094563749923176	-0.12044631428759235	0.0	0.0	0.0	0.0	0.11416454697613261	0.0	-0.06709711520346341	0.06836540653785371	0.0	0.0	-0.08044772861274396	0.0	0.0	0.0	0.0	0.0	0.0	0.09028131976159305	-0.05406695000022702	0.0	0.0	0.0	0.0	0.36109905081613486	0.0	0.0	0.0	0.08542127275641832	0.0	-0.08490627342012867	0.0	0.0	0.0	0.0917711962059601	0.08225473483536022	0.0	-0.14347521405742725	0.0	0.0	0.1886257293461115	0.0	0.0	0.0	0.0	0.06563299782268042	0.0	0.11838340802236583	
0.0	0.0	0.060800982639361484	0.08589068518754084	0.0	0.09591279828309918	0.0	-0.06832816347921797	-0.060764184539527595	-0.06483367921376694	0.05111497056995206	0.06155685050305987	0.0	0.0	-0.07324558225453073	0.0	0.0	0.0	0.0	0.0698220414573645	0.0	0.0	0.0	-0.052461113424450895	0.08412207947843378	0.0	0.08439901235984226	-0.10131737528132174	0.35125497345760925	0.0	0.0	0.0	-0.05501665300218706	0.0	-0.11424892036379058	0.0	-0.07822292011616866	-0.07225073397315145	0.0	0.0	0.0	-0.07140594776302092	0.11452073922536556	0.0	0.0	-0.051460852189650096	0.0	-0.08574975361495946	-0.09586924894609125	0.0	0.017953313386880207	
-0.06531570711558614	0.0	-0.06874280782517787	0.0	0.0	0.10015322196322719	0.0	0.0	-0.06105150582750751	0.0	0.06734640786987475	0.0	-0.05494087503208559	0.0	0.0	0.08762409124177159	0.0	0.0	0.0	0.0	0.0	0.08002414034988332	0.0	0.0	0.0	0.0	0.08278611575968711	0.0	0.0	0.27151413687216763	-0.05110531712054369	-0.05606449766371759	0.055714894305780464	0.09324998921850618	0.0	-0.11116225464704174	0.0	0.0	0.0	0.0	0.0	0.0	0.0	0.06214186849571963	-0.10644508618427073	0.14755723018319603	-0.11014902668893795	0.0	-0.06868624620871165	0.09250353376051991	-0.018997946678853392	
0.0	0.07865337242333614	0.08709197500353211	-0.04649762092594968	0.0	0.0	0.0	0.0	0.0	0.0	0.07622103596317012	0.0	-0.09990850801420492	0.0	0.0	0.0	0.10272026900943673	-0.07743210387734181	0.0	0.0	0.0	0.0	-0.07027458477384234	0.0	0.0	0.0	-0.0707369104445399	0.07481867011987331	0.0	0.0	0.28679309310602574	0.14850129436489407	-0.07954255851592239	-0.0810366138901075	0.0	0.0	0.0	0.0	0.0	0.0	-0.10705393914358897	0.0	0.10176423937171707	-0.05867367832702651	0.0	0.0	0.0	0.0	0.0	0.0	-0.012583737460666709	
-0.04776340017619897	0.0	0.0	-0.10412777384554495	0.0	0.0	0.0	0.048180219674907286	0.0	0.0	0.0	0.0	0.0	0.0	-0.09228071868123203	-0.06547014848284596	0.0	0.0	-0.10990223322312834	0.0	0.0	0.0	-0.11959498791046727	0.12904664101688065	0.10093518000039679	-0.05108865227890322	0.0	-0.05276118491802429	0.05724425406021356	0.0	0.0	0.2886889103419466	-0.09643236338342691	-0.052847814170984435	0.09181181587362491	-0.06908165502504035	0.0	0.12743389421987772	0.0	0.0	-0.09433928217997532	0.0	-0.11623258306928934	0.0983402603275351	0.11437787091870077	-0.08145395576828847	0.0804822780358092	0.0	-0.050262535001071834	0.0	0.06971738410360127	
0.0	0.0	0.06729174997903024	-0.1178482586479704	0.0	0.0	-0.04884728417229945	0.0	0.0	0.0	0.0	-0.05340686710453251	0.0	0.0	0.056455748453127584	0.0	0.0	-0.1462649899445956	0.07194262025847326	0.0	0.0	0.0	0.0534126514615256	0.0	-0.0800750639837404	0.0	0.0	0.10624425816376908	-0.14318133979120057	0.0	0.0	-0.055328127742945286	0.2917633263277237	-0.09253020770933088	0.1058867705690675	-0.1004826091487213	0.0	0.0	0.0	0.0	0.0	0.0	0.0	-0.05369753346613609	0.1800516147833414	0.0	0.11199516912319996	0.0	0.10823184562294294	0.0	0.056985405665242315	
0.0	0.0	0.0	0.0	0.0	0.0	0.0	0.08806780843894603	0.0804884908602313	0.0	0.0	0.0	0.0	0.0	0.0	0.0	-0.07793054252890584	0.0	-0.06488874111483846	0.06317934734474415	-0.05492585932112989	0.0	-0.13184973209410314	0.11774803981354458	0.0	-0.05666695611856353	0.0	0.0	0.06685836957682235	-0.06464968218761158	0.0	0.0	-0.11280393814464934	0.28831118857242055	0.0	0.051242977637767584	0.0	0.0	-0.08128688373675357	0.0	-0.09722644460078227	-0.06330031870814715	0.0	0.0	-0.09021886366993871	0.0	-0.06211547272404197	0.0	-0.09805343019823681	0.060477334602375594	-0.01748180805653646	
0.0	0.0	0.13450895623396972	0.0	0.0	-0.12837839922561778	0.0	0.0	0.0	0.0	0.0810010846265256	0.0	-0.22093847192489677	0.0	0.0	-0.11640022758662467	0.0	0.0	0.10991560989261855	-0.05840616408486466	-0.07279522855525622	0.07762130631031877	0.06351500522527664	-0.07006137297033287	0.0	0.0	0.0	0.0	0.0	0.0	-0.09217926700631003	-0.08989846529207378	0.0	0.0	0.3764902859569037	-0.15326172726180787	0.0	0.0	-0.12403722354850759	-0.1084764026205995	-0.0644826866976668	-0.0831476497807951	0.0	0.0	0.0	0.0	0.08809107256167169	0.0	0.0	0.08044220175839178	0.038429111654520114	
0.0677395603817773	0.0	0.0	0.07089401563204516	0.0	0.0	-0.08334295566383304	0.0	0.0	0.05915050699505921	0.0	-0.09465557651912836	0.0	0.0	0.0	-0.07559698307942321	0.0	0.0	0.07022840228988796	0.08422351155116314	-0.07059261207029952	0.0	-0.06065424752921466	0.09070839545119523	0.0	0.0	0.0	0.06659806165946988	-0.07972370244778307	-0.0657441212677311	-0.07267686256461313	-0.162626137286719	-0.14406666570416954	0.0	0.0	0.4098263326405799	0.0	0.0	0.0	0.0	0.07376888185517243	0.0	0.0	0.0	-0.09206027051939521	0.07869386913528346	0.0	0.0	0.0	0.0	-0.03617636051945249	
0.0	0.0	0.0	-0.05278411738704375	0.0	0.0	0.0	0.0	0.0	-0.0792392294955345	-0.06028684093815025	0.0	0.0	0.0	-0.08109536143730557	0.0	0.0	0.0	0.0	0.0	0.0	0.0	0.0	0.0	-0.11046814522859655	0.06178367290955964	0.0	0.0	0.0	0.08780613143685462	0.0	0.06865510189218403	0.0	0.0	0.0	0.0	0.35205386733690947	-0.06913775266196616	0.06378037319319545	0.05947208437516273	0.05326094074690701	0.0	0.08845806380786868	-0.093925480981878	0.0	0.07772053427672977	0.0	-0.06634920862181454	0.0	0.0	0.07475253395417589	
-0.1024469203068722	0.0	0.0	0.0	0.08583397643657521	0.07711724885550425	0.07845633127363341	0.0	0.0	-0.13083983694116294	0.0	0.0	0.0	0.0	0.0	0.09360558224263839	-0.05811247293557809	-0.07403051498431464	0.0	-0.1136126548440164	0.0	0.0968984483152264	-0.09442668527437657	-0.051964219096532795	0.0	0.0	0.0	0.0886202825777734	0.0	0.0	0.06515124068474812	0.0	0.06311834632376886	0.0	0.0	0.0	0.0	0.21719899207338622	0.0	0.07660722489187162	-0.07361149584755743	0.0	0.0	0.05876497727825795	0.0	0.0	0.05015919448699261	0.0	0.0	0.0	0.07471079959721429	
-0.07690736311724977	0.10434576349344327	0.0	0.0	0.07622953929756805	0.13311990343557473	0.0	0.0	-0.11762892620816517	0.0	0.0	0.0	0.0	0.0	0.0	0.0	0.0	0.0	0.0	-0.06897739334577231	-0.06042354752498916	0.0	0.0	0.0	0.0	0.04964566140989627	-0.08755019367149439	0.0	0.0	0.0	0.06085831312180983	0.0574719036130785	0.08824866180458768	-0.06444582863442337	-0.0975715269676295	0.0	0.0	0.0	0.38338768638715826	0.0	0.0	0.0	0.0	0.0	0.0	0.07504219892786744	0.0	0.0	0.0	0.07130214642735185	0.03903056409752985	
0.0	0.07074164982932617	0.0	0.0	0.09530069770520479	-0.07529861389097947	0.0	0.06413268170860426	-0.07640126999781702	0.0	-0.06587610277594262	0.0	0.0	0.0	0.0	0.06974639708567101	0.07656452919758124	-0.1256072214272594	-0.07334100542825485	0.0	0.0	0.0	-0.06267247604322884	0.0	0.0	0.0	-0.08425865489294834	0.0	0.0	-0.07046766141679436	0.0	0.06126174053443928	0.06481950063059784	0.0	-0.07596430420056963	0.0	0.0	0.13714839174969512	0.0	0.388647170505766	0.0	0.0	0.0	0.0	0.0	0.0	0.0	0.0	0.0	0.0	0.06641811233468428	
0.0	-0.05448312386548075	-0.05529344396537814	0.0	0.0	0.0	0.0	0.0	0.0	0.0	0.0	0.12655610070544007	0.0680184640260935	0.060538986556340504	0.0	0.0	0.092131557846625	-0.0758244852960626	0.0	0.0	0.0	0.0	0.09155406793432404	0.05513134592511257	0.0	-0.0699537951487072	0.0	0.0	0.0	0.0	0.0	0.0	0.0	0.0	0.0	0.0	0.0	0.0	0.0	0.0	0.3142920663574387	0.0	0.0	0.0	0.0	0.0	0.0	0.0	0.08436374806585453	-0.1213748132406084	-0.009797174760588206	
0.0615087598475112	0.0	0.0	-0.1184569314622333	-0.08340702984821645	0.0	0.1023398856073764	0.0	0.0	0.0	0.0	0.06770445302711883	-0.07425649682176097	0.0	0.0	-0.06660301795295011	-0.07558569234683263	0.0	0.0	0.0	0.0	0.08331797495535422	-0.049323685536368594	-0.06336273037584332	0.0	0.0	0.0	-0.09437927457125206	0.0	0.0	0.0	0.0	0.0	0.0	-0.06937661379836871	-0.05073153551924547	0.0	0.0	0.0	0.0	0.0	0.2857535872315358	0.0	0.0	0.0	0.0	0.0	0.0	0.0	0.0	0.10854716463034339	
-0.09597977625381578	0.04331157985289643	0.0	0.06881669304462158	0.0	0.06396709161772024	0.0661020259191642	0.0	0.0	0.0	0.07536332218183896	0.08781022973670514	0.0	0.0	0.0	0.0	0.0	0.10641917624308293	0.0	-0.05349312660318646	0.0	0.05211979465109206	-0.07500382981638581	0.0	0.07409712493089947	0.08423258661232308	0.0	0.0	0.1179894166290576	-0.09563448102593186	0.0	-0.061846204666402595	0.0	0.0	0.061920394486440905	0.0	0.0	0.0	0.10812520647524487	0.0	0.0	0.09481869702922172	0.2809929530746089	0.0	-0.10239756937996947	-0.0502793639428617	0.0	0.0	-0.05520029579370866	0.0	-0.028642939422653904	
-0.06621970458535657	-0.06313692033427223	0.0	0.06409295760966884	0.0	0.0	0.0	-0.07194633114131604	0.0	0.0	0.0	-0.07261483018202537	0.05943198539109639	-0.08532640122323538	0.0	0.0	0.0	-0.07119706928577917	0.0	0.0	0.0	0.0	0.0	0.0	0.0	0.0	0.0	0.09759196098342585	0.0	0.09192710443668121	-0.08079669834549988	0.10981257857423032	0.0	-0.05334619528183817	-0.083994274584976	0.0	0.0	0.10216299198225581	0.058561462162208	0.0	0.0	-0.10560168623652363	0.0	0.41890404508164913	0.0	0.0	0.0	0.0	0.0	0.0	-0.019446994300771223	
0.0	-0.13127034986455224	-0.2069924843334713	-0.0656069750120216	0.0	-0.04884986983737554	0.0	0.0	0.10493513320767699	-0.0828474712658943	0.0	0.0	0.055526615461628195	0.0	0.0	0.0962764947278488	0.0	0.08250639465852264	0.0	0.09134208253458558	0.0	0.0827542582750745	0.050849721749450134	0.0	-0.058582160553137516	0.0	0.0	0.0	0.0	0.0	0.0	0.07260088353674177	0.12928178912382263	0.0	0.0	0.0	0.0	-0.05807063440674548	0.0	0.0	0.0847019073782167	-0.09796439716675301	-0.06624989666284624	0.053948438349306654	0.271454589477387	0.0	0.0	0.0	0.0	0.0	-0.05797601762461532	
0.0	0.0	0.0	-0.0722120001738269	0.0	0.0	0.08058195652225056	0.0	0.0	0.0	0.0	0.0	-0.15742186344490677	0.0	0.07205876629289791	0.0	0.0	0.0	0.0	0.0	-0.13136313436262345	0.11174323494333212	0.07852341098914085	0.0	-0.0742676135324928	0.06385485407083981	-0.15441836405860768	0.0	-0.10250810694932613	0.07798343192496623	0.0	0.0	0.0	0.0	0.0	0.0	0.0	-0.10442383354188825	0.0	0.0	0.07789626129364072	0.0	0.0	-0.09444554609889927	0.0	0.44939674487855297	0.0	0.0	0.0	0.08709204124097525	0.05425645626368186	
-0.06247784784236285	0.0	0.049881219256684727	0.06517888549620494	0.0	0.0	0.0	0.0	0.0	-0.07584036253057726	0.07513463467688822	0.09671642429715628	0.05133458500029177	0.0	0.0	0.0	0.0	0.10731480231620848	0.0	-0.0462592324606968	0.0	0.0	0.0	0.054292932086742816	0.0	0.05794354010620872	-0.06562640853641362	0.0	0.10711206228017385	-0.09532016291071163	0.05721541002587102	0.0	0.0	-0.08520979810070603	0.08549001240074149	0.0	0.0	0.0	0.0	0.0	-0.06915743569777304	0.0	0.0	0.0	0.0	0.0	0.32280773558494685	0.0	0.0	0.0	-0.09160523828220836	
0.0	0.053388773589684725	-0.08124395594630748	0.0	0.0	-0.07219341383430386	0.0	0.0	0.07846277405175045	0.0	0.0	0.0	0.0	0.0	0.0	0.0	0.049158109420947504	0.0	0.0	0.0	0.0	-0.09968253036522685	0.0	0.049343972308522846	0.0	0.0	-0.0757656181255602	0.0	0.0	0.0	0.0	0.0	0.0	0.0	0.04179132543270483	0.0793506308073724	0.06838822950462842	0.0	0.0	0.0	0.07436744523090776	0.04341542026087651	0.0	-0.06031060872345639	0.0	0.0	0.0	0.3174190128470939	0.0	0.0	-0.038447841112594534	
0.05988630967975756	0.04853169788524317	0.0	0.0	-0.06954664131536561	-0.0688346294278052	0.0	0.0	0.0	0.0	0.0	0.0	0.0	-0.09865893196496342	-0.09429017417544078	0.0	0.0	-0.09035301698667535	0.0812150280769078	0.0	0.0	0.0	0.0	0.0	0.0	-0.0939078568447618	0.09062715869937593	0.0	-0.10573560334319539	0.06401419191658228	0.0	-0.054169274286638716	0.0	0.0	0.0	0.0	0.0	0.0	0.0	-0.06717568463264645	0.0	-0.07548081706392074	0.0	0.0	0.0	0.0	0.0	0.0	0.37664510983514154	0.0	0.07157404968298413	
0.0	0.0	0.0	0.09563212591521071	0.0	0.0	-0.07500273172261566	0.0	0.0	0.08125745574156863	-0.07234540928623191	0.0	-0.06857359865575043	0.0	0.0	-0.13150591819390803	0.0	0.0	0.0	0.0	0.0	0.0	0.0	0.1294297103652578	0.18209895685506838	-0.05385611851998075	-0.118127948383532	-0.09773417350557433	0.0	0.0	0.0	0.0	-0.10371095674582116	0.0	0.0	-0.13877213158223853	0.0	0.0	0.0	0.0	0.0	0.09976791407185955	0.12144339783787537	0.0	0.0	0.0	0.0	0.0	-0.054187673151538725	0.33465260876224107	-0.012296332747249481	
