0.3131197359762528	0.0	0.0	-0.04171754480717075	0.0	0.06904906470342659	-0.0830646423237908	0.0	0.0	-0.105208956686482	-0.06066229671172747	-0.08096325540996864	-0.11988428811760493	0.0	0.05679280708175649	-0.04969105696636106	0.0	0.11818264714434479	0.0	0.0	0.0	0.04830596905888494	0.0	0.0	0.08837236644974149	0.0	0.0	-0.04597589864127421	0.0	-0.05592643917040823	-0.05663361025900787	0.0	-0.07186161582849303	0.0	-0.0792436183956576	0.0	0.04893370752501363	-0.049188014061344744	-0.08205972713162023	0.10670144140042556	0.0	0.10134415776143535	-0.14189811175940822	0.0	0.0	0.059378730335986445	0.0	0.0	-0.057221891345344646	0.0	-0.061871683495503906	
0.0	0.41372280624325153	0.0	0.04421658632868982	0.0	0.0	0.0	0.0	-0.05655851233730289	0.0	0.0	0.0	-0.06999892955360741	0.05331507777939264	0.0	-0.06564236923968524	0.0	0.0	0.0	0.0	0.0	0.0	0.0	0.06398582973222423	0.0	-0.047233858640381585	0.0	0.0	-0.07108039319612715	0.0	-0.04543964591121663	0.0	-0.09004593841962326	-0.06421008750751855	0.0	0.0	0.0697500834722454	0.07825946864617664	0.0	0.0	0.0	0.10264250648653545	0.056281192189951035	0.07098666347848141	0.0	0.07516424397896485	0.0	0.0	0.043242976834392315	0.04133742351170062	0.0016627424749124924	
0.0	-0.05552079192951457	0.43883153193806784	0.0	0.0	0.0	0.0	0.0	0.0	0.0	0.0	0.0	0.0	0.0	0.0	0.0	0.0	0.0	-0.11886956124678598	0.0	0.0	0.08546790992540822	0.0	0.08207691987719894	-0.0650230943356093	0.04848087026116488	-0.1242250196711862	-0.1067337249007324	0.04666603023093366	0.03906130172984929	0.0	0.0994595388062791	0.0	0.07761883766243738	0.0	0.042371273023701764	0.04671571665434173	0.0	0.0	0.0	0.0	0.0	0.0	0.0	-0.07930921290759371	0.0	-0.11753473484228286	0.0	0.0	0.0	-0.006874733673864272	
-0.05808096030747879	0.10658381544630875	0.0	0.5642109014500498	0.0	0.04778147065824654	-0.04769460428937488	0.0	0.0	0.0	0.0	0.0	0.0	0.0	0.0	0.0	0.0	0.0756063796416323	0.04621179447565789	-0.06688600051483325	0.05121307669020112	0.0	0.06586415532819101	0.0	0.0	0.08921311294519656	0.0	0.0	0.09487522559793281	0.0	0.0	0.0	-0.09413052764165862	0.0	0.0	0.10551088975517546	0.0	0.12596714541041784	0.0	0.0	0.0	-0.08444856922979489	-0.06796373763142714	0.0	0.0	0.0	-0.12601366232204111	0.0	0.0	0.0	-0.059792171837114015	
0.0	0.09698266126080148	0.0	0.0	0.5132924879091296	0.0	0.0	0.0	0.0	0.0	0.0	0.0	0.0	-0.07808655863708229	0.0	0.0	-0.051813943209633465	-0.10268232806458949	0.09836524372878763	0.0	0.0	0.0	-0.04818708205434671	0.06962597875003411	0.0	0.10470865338373396	0.0	0.0932638502045948	0.0	0.0468384380203061	-0.038084199975313544	0.0	0.0	0.0	-0.07696598597871573	0.0	-0.056243154081934095	0.0	0.0	0.0	0.0	0.0	-0.07570842773224294	-0.09284541126254255	0.0	0.0	0.0	0.0	-0.08227627131268507	-0.09406713595394672	-0.01940420555648381	
0.0	-0.06230903284311128	0.1283126434672518	0.033185426971855995	-0.053924677206988354	0.4595292225763203	0.0	0.0	0.0	0.0571477734262991	-0.08573430074266096	-0.07712613038754955	-0.10336396961389704	-0.06310955186928362	0.09196864324734938	0.0	-0.1070900217543043	-0.058301876922453776	-0.14840328020136992	0.0	0.0	0.0	0.0	-0.043343963565422715	0.0	0.0	-0.0772816123252504	0.0	0.0	0.0	0.0	0.0	0.0	0.041556711853916704	-0.060717800078740614	0.0	0.0	0.0	-0.05430770038235405	0.0	0.0	0.0	0.0	0.036509619496720803	0.0	0.0	-0.05400186946505987	0.0	0.0	-0.08751433255459325	0.07599335625719207	
0.0	0.0	0.0	-0.08839821941441489	0.0	-0.04499728953090577	0.3756029942564288	0.0	0.0	0.08088013700621043	0.0	0.0	0.04389363738599551	0.0	-0.07058547513670778	0.0	0.0	-0.07558019669719906	0.0	0.14165125079026653	0.0	-0.08636573944705095	0.06986850478089142	0.07594751962929681	0.055179894256067556	0.0	0.0	0.0	0.0	0.0	0.04642833919100651	0.0	-0.06273082904430549	0.0	0.052670522383015665	0.0	0.0	-0.04201498036197551	-0.06051169954056958	0.0	0.0	0.055814504485377066	0.07791299825378073	0.0	0.0	0.0	0.0	-0.05791340576617731	0.0	0.0	0.006199905692901885	
0.0	0.0	0.0	0.0	0.0	0.0	0.08556612238839495	0.35115936695246774	0.0	0.08797414085307456	0.0	0.0	-0.1093563481571463	0.05545119324629114	0.0	0.0	-0.06522264016135806	-0.05418647256257648	0.0	0.0	0.08137111046856693	0.0	0.06874267088086108	0.0	0.0	0.0	0.0	0.0	0.05373053035467155	0.04964260111038029	0.0	-0.04760095022825044	0.0	0.0	-0.08890625503838855	0.0	0.05022586622221451	0.04273926082320303	-0.11927089585124553	0.0	-0.047367671243522744	-0.06347029309484543	0.05503481984490057	0.044858257997287106	0.0	0.0	0.0	0.07498137827133095	0.0	0.0	-0.009771797502265438	
0.057027646265421554	-0.11867426023544807	-0.06701467408618353	0.061623299423257	0.0	0.05275069119864731	-0.08941201703228639	-0.050738064247152256	0.3975249634133805	0.0	-0.0677785766339458	0.0	0.0	0.0	0.0	0.0	0.0	0.13120999637673678	0.0	-0.06481062008676029	0.0	-0.06396299192757582	0.0	-0.082432182439638	0.0	-0.050450371962893	0.0	-0.09057148904389922	0.0	-0.09168430293215718	0.10028667312861979	-0.05028055082371792	0.0	0.10739922477712188	0.0	-0.10317120743818503	0.04709402120644332	-0.06064506265730558	0.05767515920418291	0.0	0.0	0.0	0.0	-0.09898044550823118	0.0	0.0	0.0	0.0	0.09905356136597736	0.07593295780082297	-0.01626646966778286	
-0.06033287738605885	0.0	0.0	-0.04539936975720395	0.057106919902390606	-0.09122749302082325	0.0	0.09945556274698922	0.0	0.4461102671353474	0.04923603484856318	-0.07173657542127593	0.0	0.0680846078016969	0.0	0.04849823693961919	-0.08232733617126288	0.0	-0.06928553510233218	0.0	0.043233369460602834	-0.057901662849313945	0.0	0.0612702744511736	0.04971999971342357	0.05854102580379994	0.0	0.0520691579123848	0.0	0.0	-0.04350004333817682	0.06636843107544595	0.0	0.0	-0.09437098766908911	0.0	0.08056031849680868	0.0	0.0	0.04920379985672831	0.0	0.0	0.0	0.0	0.0	0.0	0.0	-0.05871295058464759	-0.09047772824478137	0.0857276368703509	-0.02634226859569311	
0.0	0.0	-0.06902757273401158	0.0	0.0	0.0	0.0	0.0	0.0	0.0	0.5155236576241214	0.05473027688454636	0.09299079249799182	-0.07118561459308059	0.0	0.0	0.0	0.0	0.0	0.0	-0.056996829599551255	0.0	0.0	0.10050065125110023	0.09680331908101798	0.0	0.0	-0.0748630960213552	0.0	0.0	0.13282228425936354	0.0	0.0	0.0	0.0	-0.04323445770645883	0.0	-0.07766444267829267	0.0	-0.0581317305925064	-0.06979555540728007	0.0	0.0	-0.076689384349039	0.0	0.0	0.0	0.0	0.15566987129813314	0.0	0.04276407319489409	
0.0	0.0	0.049632102377507606	0.0	-0.07298712819883882	0.041037728397607685	0.0	-0.05471236914644244	0.0	0.0	0.0	0.4971854596069117	0.0	0.0	0.0584271405312262	0.051987829439091755	-0.050040968786661366	-0.09996380511163072	0.06157788971837409	0.0	-0.05856298086749742	0.0	0.0	0.0	0.0	0.0	0.0	0.0	0.06687873408438808	-0.047602795253822744	0.0	0.07389980333059848	-0.07319355141520212	0.0	0.044423543540928624	0.0	0.0	0.0	0.0570751949395133	0.05884872584230752	0.0	-0.05602291972413138	0.14093464925544227	0.0	-0.06850331911588378	-0.05211158867047695	-0.0939245900628553	0.0	0.0	0.0	-0.025556578052695348	
0.0	0.0	0.0	0.0	0.0	-0.0627263308096338	0.0	0.055095862076312965	0.05200414431164386	0.06594014585749346	0.1138072598275551	-0.048558816131063054	0.4814556725905754	-0.1045315575180521	0.0	0.0	0.0	0.0	0.0	0.0	0.0	0.0	-0.04597774126175275	0.0	0.0	0.0	0.044119130523108785	0.06311587156597757	0.0	0.0	-0.05766873330343901	0.0	0.0	-0.057833922347272845	0.0	0.0	0.0	0.0	0.0	0.0	0.0	0.0	0.0	0.0	0.0	-0.05054587989583595	0.0	0.0	0.0	0.0661757195763974	0.013900516300466303	
0.0	0.0	0.05440729264456508	0.07226063159877161	0.0	0.06226671227888288	0.0	0.0	0.0	0.06704668451527125	-0.0521742855963698	0.0	0.0	0.4532409794335026	0.0	0.09301631082057063	-0.06341811257015251	0.0	0.0	0.0	0.0	-0.10276977125600549	0.0	0.0	-0.10873841738948366	0.0	0.0	0.08698418546871356	0.0659839315433392	0.0	-0.0466249742066267	0.0	0.0	0.0	0.0	0.0	0.0	-0.06574261695242477	0.0	0.0	0.0	0.0	0.0	-0.0668001144280047	-0.07204428229692811	0.07598288092111424	0.0	0.10903320686151995	-0.1764709652035864	-0.14866971179094846	-0.016747615405451145	
0.0	0.0	0.0	0.04040307495803103	0.0	0.0	0.0	-0.05243725860140668	0.0926257972924967	0.04501274683794764	0.0	0.061127440205073304	0.0	0.0	0.43881008061794674	0.06096345587217444	0.0797151747493778	-0.05522150911459248	0.0	0.0	0.0	0.05959619003560001	0.0	0.0	-0.06441672423479826	0.0	0.0	-0.04160796387937576	0.0	0.0	0.06034159246038951	0.0	0.0	0.0	0.07888538019996244	0.0	0.0	-0.06848132333294736	0.0	0.0	0.0	0.0	0.0	0.0	-0.08989163114204689	0.0	-0.05861649392259967	-0.08704452294413964	-0.05655581205550586	-0.05334822003481058	7.198038448289821E-4	
0.0	0.0	0.06346571252896778	-0.043769986053826655	0.0	0.0	0.04143474422573178	0.0	0.0	0.05864846192762035	0.0	0.10473820324242547	0.0	0.0	0.0	0.3983086676726734	0.0	0.0	0.0	-0.0453510250990461	0.04303407929610634	-0.08074777037829423	0.0	0.0	0.0	0.0	-0.06558089744996357	0.0	0.0	0.09730760963602626	-0.047148472295334344	-0.0613924703540308	0.0	0.0	-0.06203491003766276	0.0	0.0	0.0	-0.061419681712112935	0.0	-0.05810484058046778	0.050199728871061035	0.0	0.03694884566665325	0.0698794090044354	0.0	0.0	0.0	0.0	0.0	0.031188887810711177	
0.0	0.0	0.0	-0.09107346833664785	-0.09276345702927473	0.0	0.0	0.0	-0.055515750087707254	-0.11021142949285842	0.0	0.0	0.0	0.0	0.10151081355215912	0.0	0.3580102867678163	0.07042209891692983	-0.05819498355149642	0.0	0.0	0.07610420843485097	0.08707183705122008	-0.07851105490901696	0.0	0.0	0.0	-0.17076341361033992	-0.08351092550252548	0.06080959771176549	0.08947569257298799	0.050754617025878	0.0	0.0	-0.0487488271720504	0.09975073041945068	0.06600212563454712	-0.08229002027690312	-0.09179467558191912	0.07125894098103688	0.0	0.0	-0.054529415626522276	0.06454571427214394	0.0	0.0	0.0	0.0	0.0	0.0	0.02773401500835096	
0.0	-0.05033419275476376	-0.08261014821450209	0.0	-0.07103784579636048	0.0	0.0	0.0	0.0912661079221596	0.0	0.05546186248334888	-0.10335432613627037	0.08619053801752882	0.08643621962854085	0.0751997232813117	0.0	0.0	0.4003423798989567	-0.090147437527796	0.04018653913283386	0.0	-0.08477284883211393	0.082619137528983	-0.05740546185490661	0.0	0.0	0.05202568928619092	0.0	-0.053388355770214176	-0.12363866805695978	0.046533874040047156	0.0	0.0	0.0	-0.06644102423634674	0.0	0.0	0.0	0.04825610588204282	-0.03928199779028506	0.0	-0.053514005306540026	0.0	0.04330227795267575	0.0	-0.049573640023504006	0.0	0.0	0.0	0.08867787213654382	0.07450381579312974	
0.0	0.0	0.0	0.0	0.0	-0.066239722284051	0.0	0.0	0.0	0.0	0.0	-0.04649020603583768	0.0731935451097253	0.0	0.0	0.0	0.0	0.04240101214486694	0.40536649677300757	0.0	0.08261077561428397	-0.07043709945489705	0.0	0.0	0.0	0.11518798349256809	0.04242339831772919	0.08517898370156189	0.05505993183901801	0.0	-0.07295024887306951	0.07452272284881183	0.07063634982515206	0.0	0.05887669751204711	0.07472606220351785	0.06737568048186307	-0.054389205567567246	0.0	0.0	0.0	0.0	-0.057733369405569876	-0.05973604262960295	0.0	-0.04230835493435649	-0.08744228885519376	0.05120347189991203	0.0	0.0	-0.046684504567328415	
0.08891891056533913	0.0	0.0	-0.09834942460234987	-0.04972081203944408	0.0	0.0	-0.05454965858212958	0.0	0.0	0.05014302769604437	0.06504260031364491	0.16168937027061314	0.0	0.0	0.06179227107170006	-0.05526150927257668	0.0	0.0	0.3522839670525378	0.0	-0.05639309895375237	0.0	0.0	0.0	0.0	0.0	0.0	0.048145994449263874	0.0	0.08419284310679728	0.0891995640285687	0.0	-0.06184626303779443	0.04132021983017963	-0.052872406040228144	0.0	-0.08539588048587207	0.0	0.0643253151986284	0.0	0.0	0.0	0.0	0.0	0.0589812633592578	-0.05684591293098584	0.04477966291335891	0.0	0.0	-0.06117623797917452	
0.0	0.0	0.0	0.06579736234411263	0.0	0.04358425691644919	0.0	0.0	0.0	-0.04784334472158859	-0.061477379179864254	-0.1206102913504776	0.061242028559127436	-0.07909789087350491	0.11107733750393797	0.0	-0.13795832688222098	0.1138878837190995	0.0	0.0	0.5734235395019298	0.0	0.0	-0.10736274641906722	0.0	0.04910329166304764	0.0	0.0	0.0	0.0	-0.09381939088927457	0.0	0.10230788359087084	0.0	0.0	0.0	0.05826340843511241	-0.06785040257925146	0.0	0.0	-0.06449393265857087	0.0	0.0	-0.08762021326633636	0.05062708716198973	0.06193548904080826	0.0660992216994	0.0	0.0	-0.06014684493690018	0.01644460034117721	
0.0	0.04998988462225171	0.05699234134546584	0.0	0.0780323715813013	0.0	-0.05508505557611789	0.0	0.0	-0.051625952817704435	0.0	-0.05375072657327396	0.03851559819830862	0.0	0.0	0.0	0.0	0.0	0.0	0.0	0.0	0.4633903294978651	0.07039036294342302	0.09759869574997382	-0.09596758285205008	0.0	0.0	0.0	-0.05181176558219157	0.0	-0.0630600675714071	0.0	-0.04051949081275039	0.0	0.04482574758078792	0.0	0.0	0.09191102142140377	-0.0671330666003088	0.04126945818018855	0.0	0.05115365532784468	0.0	0.0	0.08466484044571826	0.0	0.0	0.0	0.0	0.051293146853904084	-0.04624333396326686	
0.0	0.0	0.047022473297855284	0.05416873651405195	-0.07902678878103625	0.0	0.0	0.0	0.0	0.0	0.0	-0.05686486841817096	0.0	0.0	0.08860951899505842	0.0	0.0	0.0	-0.09569905521665682	0.10291382843802252	0.0	0.0	0.5716176452909361	0.0	0.050162658817177415	0.05941243794697564	0.0	-0.11639059088564258	0.0	-0.06402953351385848	0.0	0.0	0.07683730208158748	-0.1010251814632811	0.0	0.06302053069568328	0.055878102097118944	0.0	-0.10664643779670784	-0.051852968506617435	0.0	0.0	0.0	0.0	0.0	0.0	0.0	0.0	-0.07817593252527273	0.0	-0.009539606419458311	
0.0	0.0	0.0	0.0	0.0	0.0	0.0	0.0	0.0	0.057581898315377904	0.0	-0.04979885274173763	0.0	0.0	-0.06046473397035635	0.0	0.0	0.09346704179785444	0.08565635782020087	-0.0481289510848313	-0.04514530940261128	0.07635945225632858	0.0	0.5192961813227605	0.0	0.0	0.0	0.03204089771351097	0.0	0.0	-0.04520412154109903	0.0	0.0	0.045413684182465205	0.0	0.0	0.0	-0.0717237079327067	0.0	0.0	0.0	0.0	0.0	0.0	-0.053500085529005696	0.03668850002511524	0.0	0.0	0.057194844890557386	0.0	0.0019708602102511854	
0.0712938825979126	-0.06706533536869509	-0.061338436893486885	0.0	0.0	0.0	0.0	0.0	0.0	0.0	0.05020544347379704	0.0	0.0	-0.05083036156331749	0.0	0.05712781150410943	0.0	0.05281297841325621	0.0	0.0	0.0	-0.1195483182469251	0.0	0.0	0.43483678220287475	0.0	0.0632330173507789	0.0	-0.081350665363491	0.0	0.0	0.0	0.0	0.0	0.0	0.04569934899528829	-0.05626208933316902	-0.05788313805283358	0.0	0.0	0.0	0.0	0.0	0.0	0.06621328434945108	0.0	0.05971162326805612	0.0	0.0	0.0	-0.015619041656934174	
0.0	0.0	0.0	0.07635247108794407	0.0	0.0	0.0	0.05709225807191321	0.0	0.06711970198080013	0.0	0.0	0.05760140921974379	0.0	-0.04147541918367698	0.0	-0.04150116079771615	-0.06032115249796701	0.0	0.0	0.0	0.0	0.08468238001690807	0.0	0.0	0.399960834152631	-0.10352057668691207	0.0	-0.06601540509371219	0.0	0.0	0.0	0.0	0.0	0.0	0.0	0.0	0.12697855456249937	-0.08977565257610684	0.0	0.0	-0.08024030486323054	0.0	0.0	0.0	0.0	0.0	0.0	0.0	0.0	0.07941034873464504	
-0.0986520172734933	0.0	0.0	0.0	0.0	0.0	0.0	0.0	0.0	0.0	0.0	0.0	0.0	-0.08228060819418304	0.0	0.0	0.044135850233689	0.058094471902650414	0.0	0.04891179981030457	0.0	0.0	-0.06840366125694236	0.0	0.0	-0.09432220954842986	0.49485903103076195	-0.05457344100290813	0.0	-0.03731080754969828	0.0	0.0	0.0	0.0	0.0	0.0	0.0	0.0	0.0	0.0	-0.04248810412699125	0.0	0.0	-0.05804786578890132	0.0	0.0	0.0	0.0	0.0	0.0	0.025391742279695977	
0.0	-0.052694942185512746	0.0	0.0	0.0	0.0	0.04182693555164757	0.0	0.0	0.0	-0.07409539636605274	-0.05599466710734729	0.0	0.0	-0.06393274289022977	0.09916698174094193	0.0	0.0	0.0	0.0	-0.05221865730707128	0.05481305059448809	-0.11070774810522623	0.08675135180415564	0.0	0.0	0.0	0.4286538531906115	0.0	0.0	0.0	0.0	0.0	0.06278839811635012	0.0	0.0	0.0	-0.0599051788652592	0.0	-0.04660595950038	-0.04263666015251057	0.10679651576910518	0.052241340601977944	0.1402993588340701	0.0	0.0	0.0	0.0	0.0	0.0	0.022268643947203858	
0.0	0.0	0.0	0.07650455992095763	-0.06302730632010539	0.0	-0.07910458561080733	0.0	-0.0649741661053352	0.0	0.0746670353800088	0.0	-0.10302408677347923	0.0	0.05888936264433425	-0.05086504211368735	0.0	0.0	0.0	0.0	0.0	-0.1250497774480872	0.0	0.0	0.0	0.0	0.0454620131808208	0.0	0.4536010601895118	-0.12056551939165065	0.0	-0.05014553253981226	-0.12254034869256605	0.0	0.0	-0.130654468671941	0.0	0.0	0.0	0.0	-0.0767460321707596	0.0	-0.053479691844335896	-0.09652195643607671	0.05868941596286636	-0.043967607111896685	-0.08574403391402623	0.0	-0.0589549558868183	0.0	0.04594455536836413	
0.0	0.0	0.0	0.0	0.05170177317045421	0.0	0.11001193597352864	0.0	0.0	0.0	0.0	0.0	0.07437106859563392	0.0	0.0	0.06185425960610119	-0.06622633110617558	-0.11683887628917192	0.0	0.0	-0.061707381407505986	0.0	-0.03803103470978591	0.0	0.0	0.0	-0.07864588409510283	0.0	0.0	0.5188536157425396	0.0	0.0	0.0	0.10170620336235701	0.0	-0.0768395396899148	0.0	0.0	0.0	0.0	0.12241152333975484	0.0	0.0	0.08418808472990057	-0.09332005850199557	0.0	-0.046066412710763394	0.0	0.0	0.0	-0.039293494008271854	
-0.053437351280780636	0.0	0.0	0.046094283243127435	-0.06755422682617127	0.0	0.0	0.0	0.0	0.051225418263725446	0.07182990541622283	0.0	-0.14076530474689913	0.06636985010395172	0.0	-0.08652153663659916	0.0	0.0	0.0	0.10087623763104064	0.0	0.07053566906059947	0.09916014454646208	0.0	0.06228069287368166	0.0	0.0	-0.06289341675551924	0.0	-0.06493821289523923	0.5382420834094743	0.0	-0.0880347493402142	0.0	0.0	0.0	0.0	0.11236267630218233	0.0	0.0	-0.09673337315600951	0.0	0.0	0.0	0.0	0.050437258527796056	0.0	0.0	0.0	-0.08839194271482947	-0.00817118021453558	
0.0	0.0	0.07562273459070566	0.0	0.0	0.0	0.0	0.0	-0.08829826221164072	0.06827992270425182	0.0	0.0	0.0	-0.13146884764094538	0.0	0.0	0.0	0.0	0.07809326167039239	0.0	0.0	0.0	0.0	0.0	0.0	-0.05924150883247004	0.0	0.0	0.0	0.0	0.0	0.5168210250516859	-0.06753535735909091	0.0	0.0	-0.044368340829379405	0.0	-0.054528692121322456	0.0	0.054008249249295	-0.07401622306911784	0.0	0.06329856585888595	0.0	0.0	0.0	0.0	0.0	0.0	0.0	0.02631473649039708	
0.0	0.0	0.0	-0.05695690754697361	0.0	0.0	0.0	0.0	0.0	0.0	-0.06638820928647204	0.0	-0.07603669179736836	-0.062320779444761575	0.0	0.0	0.0	0.0	0.0	0.0	0.0	0.0	0.0	0.043552748629645324	0.0	-0.038925650779954066	0.0	-0.06639925731092886	-0.0735567788166868	0.04699143574907348	0.0	0.0	0.44959014056860214	0.0	0.06398188154122934	0.0	0.05843637950260438	0.0	-0.05017638104550697	0.0	0.0	0.0	0.0	0.0	0.07152375011640677	0.040439619276110755	0.0	0.07561120665598696	0.0	-0.0395336900761221	-0.028535254064779747	
-0.07340196905240719	0.06383978087515545	0.0	0.0	0.0	0.0	0.0	0.06663712422051377	0.049796092466168555	0.0	0.0	0.0	0.0	0.0	0.0	-0.06853342386988628	0.08759309950798255	-0.0723037505161378	0.0	0.0	0.0	-0.05703714856100313	-0.11400158378448448	0.07559736507746863	0.0	0.0	0.0	0.0	0.07044010332312889	0.0	0.0	0.0	0.0	0.4390819411594673	0.0	0.0	0.07749766240924949	0.07643168555688931	0.0	0.0	0.0	0.0	0.0	0.0	0.0	-0.07661144123584078	0.0	-0.12535626447967912	0.06673899841133234	0.055221593106593754	-0.0012942617292332958	
0.0	0.0	0.0	0.0	0.0	0.0	0.08629167150384978	0.0	0.0704820941852664	0.0	0.0	0.07602183444359743	0.0	0.0	0.0	-0.07192021764243359	-0.08193626346794775	-0.06200596151229602	-0.0662105380653907	0.0	-0.059573310987758366	0.0	0.0	0.0	0.15737341892754877	0.09216315551822601	-0.06654216072099152	0.0	-0.07432633196198385	0.0	0.0	-0.07766017094490228	0.15258092398172776	0.0	0.4159660803869384	0.0	0.0	0.0	-0.11905718130017703	-0.07553020973348247	0.0	0.0	0.0	0.0725137244774489	0.07756092089969271	0.0	0.0	0.0	0.05514993872684834	0.0	0.03835440060522629	
0.0	0.05387155184065807	0.05981227733402909	0.0	0.0	0.0	-0.043108606434952616	0.048093848977354366	0.0	-0.07422449734294104	-0.05488285625702211	0.0	0.0	0.0	0.0	0.0	0.0	0.06879700216782875	0.10475807059878978	-0.08979837655037541	0.0	0.07807107846382705	0.0	0.09055580100373997	0.0	0.0	0.04390561341467252	0.0	0.0	0.0	-0.06390836510704878	0.0	-0.04847647468194312	0.045020709626872595	0.0	0.4474981581235114	0.0	0.04785923862356843	0.0	0.0	0.0	0.0	0.0	0.0601417811591096	-0.08003492014830284	0.043879824984003064	0.05052006172385572	0.0	0.06604569543403019	0.0	-0.0073664972854457075	
0.0	0.0	-0.06234130283415231	0.0	-0.05907877257020816	0.0	0.0	0.0653951725323154	0.06029045398574968	0.0	0.0	0.0	0.0	-0.04963364499511188	0.0	0.0	0.05394868818275082	0.0	0.0	0.0	0.0	0.0717063846240587	0.05758223625846657	0.07686463769321576	0.0	0.0	-0.08257474984923917	0.0	0.0	0.0	0.0	0.052876715128360244	0.0	0.0	0.0	0.0937369398771397	0.41505127632206495	0.0	0.0	0.0	0.05839241996701956	-0.05511898332300479	0.0	0.0	-0.06994701345503124	0.0	0.0	-0.07713273035878014	0.08919723245626049	0.0	0.02006699869066287	
-0.04448274597961692	0.0	0.0	0.10229363384436034	0.0	0.10154088477417876	-0.06064961416618439	0.0	0.0	0.0	0.0	0.0	0.0	-0.04603165373972334	0.0	0.0	0.0	0.0	-0.09783275812435308	-0.0517515019852768	0.0	0.05642065356999277	0.0	-0.04820548082425364	-0.15192597640674818	0.0	0.0	0.0	0.0	0.03679506179479625	0.0	-0.08258966713736174	0.0	0.0	-0.051238431275847963	0.05794313989708712	-0.07149641586214318	0.378512125866491	0.0	0.03959078979125095	0.0	0.0	-0.08642146565287481	0.08220764082697064	-0.056708413107819294	0.0	0.0	0.0	-0.0597721558766508	0.0	-0.035735162328417926	
0.0	0.0	0.0	0.0	0.046245031477328405	-0.04234567936724368	-0.04391226210003562	0.0	0.0	0.0	0.07924144170315686	0.0	0.0	-0.06443173155173443	0.0	0.0	0.06256767046631971	-0.11633487959085528	-0.08058055144520944	-0.048726385191699535	0.0	-0.10445211028398561	0.0	0.0	0.0	0.0	0.0	0.07132135357471213	0.0	0.0	0.0	0.0	-0.07891642605689403	-0.06626357034899846	0.0	0.0	0.0	0.0	0.4291261264200601	0.0	0.0	0.0	0.0	0.0	-0.06216462016207355	0.050879810910283284	0.0	0.0	0.06783211072065432	0.09879273171022028	-0.02958490638632241	
0.0	0.10187689710073296	0.06882279512657581	0.0	0.05424856811248636	0.0	0.05005610180706138	0.07883293764022174	0.0532222115746821	0.09640079646518526	0.0	0.0	0.0	0.0	0.0	-0.0764005308804975	0.0	0.0	-0.04861157766329113	0.04940070649009241	0.0	0.0	0.04273351633840991	0.0	0.0	0.0	-0.04768412826153911	-0.0918459072566907	-0.06660258395198093	0.0	0.0	-0.07229488930683439	0.0	0.0	-0.06473742665324779	0.0	0.0	0.16508438244802273	-0.07270075759526057	0.47149923340780797	-0.08036477279825104	0.0	-0.08481542420379862	-0.043032943678406	0.0	0.06249995214045077	0.07421066146594238	0.0	0.0	-0.05946490934605897	0.0785403011470104	
0.0	0.0	0.0	0.05939099420975647	0.0	0.055544042141481134	0.04409912096602146	0.0	0.0	0.0	-0.05445457415411575	0.04430158224227994	0.12377528101424526	0.0	0.0	0.0	0.0	0.0	0.0	0.0	0.0	0.1342883196035259	0.0	0.12012568289194794	0.0	0.0	0.0	-0.0640468527537215	0.0	0.05053241295440475	0.0	-0.06875918054196882	0.07812534767844588	0.0	0.0	0.09595592072270628	0.0	0.0	0.0	0.0	0.40785679846666056	0.0	0.0	0.0	0.0	0.0	0.0	0.0	0.0	0.0	-0.0010133434138998188	
0.0	0.04725423879109471	0.0	0.0	0.06807079950660795	0.0	0.07558841109745502	0.05958569031566423	0.0	0.0	0.0	0.0	0.0	-0.04982324189796334	0.0	0.0	0.0	-0.05564625127138193	-0.052466444718900246	0.0	-0.04903489967120318	0.06305465624504493	0.06413992992424568	0.0	0.0	-0.041713389147867465	-0.05311701036717409	0.0	0.0	0.0	0.0	-0.040645398806719246	0.0	0.0	-0.03966099288039619	0.0	-0.04360090537238549	0.0	0.0	-0.040383355336165966	0.0	0.31412172068714966	0.0	0.0	0.0	0.0	0.0	0.06365955126537455	0.0	-0.04440628184240905	0.038896206799317636	
-0.07702198815747338	0.08704247207814668	0.0	0.0	0.0	0.06433848013014061	0.08404327364515707	0.0	0.0	0.0	0.0	0.0	-0.05221270347193108	0.0	-0.04120170746040623	0.0	0.0	-0.06455164369893579	0.0	0.0	0.0	0.0	-0.08208676915101527	0.0	0.0	0.0	0.05808566274883835	0.050791895198297445	0.0	0.0	-0.06547677744189849	-0.08930633031275959	0.0	0.042983741358914786	0.0	0.0	0.0	0.05794915420968285	0.053072649446702036	-0.05178123986375156	0.0	0.0	0.36585593788036946	0.0891747274852326	-0.06974946656407334	0.0	0.04396237272747097	0.06859612279664695	0.0	-0.049849770540151994	-0.053203706405164794	
0.0	0.0	0.0	0.05336685808634975	-0.06534086543204462	0.05211686481347867	0.11824007650352186	0.0	-0.10459147455073137	0.0	0.0	-0.0560148220575915	0.0	0.0	0.0	0.0	-0.08836609560714714	0.0	0.0	0.06623689387873705	0.0	0.0	0.0	0.0	-0.06705172088213596	0.06121562115079819	0.0	0.0	-0.07340292903333082	0.12495826329767687	-0.06522564312167181	0.06074382957075435	0.0	0.0	0.0	0.054616840670535134	0.0	0.08416644868156702	0.0	0.0	0.052009692455358275	0.0	0.0	0.5141187829484972	-0.058010271139637686	0.0	0.09705834528368651	0.0	-0.10383529319914149	-0.06316453498827308	-0.017661900935647384	
0.0	0.0	-0.06178243947582189	0.05995109339345894	0.0	0.0	-0.06033116485079953	0.0	0.0	-0.07229580785906461	0.0	0.0	0.0	0.0	0.0	0.055873206757595995	0.0	0.09341070506929626	0.0	-0.07403618991788018	0.0	0.0519869861591336	0.0	0.0	0.0	0.0	0.04882643699938964	0.05111191143930041	0.048853159704340246	0.0	0.0	0.0	0.0	0.0	0.08368812663730796	0.0	0.0	-0.1389693430998945	-0.08540786529577311	0.0	0.0	0.0	0.0	0.0	0.45883099300743735	0.06667324476023075	-0.06558807004125468	0.0	0.07157409549336774	0.0	-0.054618593178625524	
0.11625941226858479	0.0	0.0	-0.06552436955498578	-0.10348881434000486	0.0	0.0	0.0	0.0	0.0	0.0	0.0	0.0	0.05937482112486962	0.0	0.0	-0.08400970514219315	0.0	0.0	0.0	0.04478644251617641	0.05555115028750988	0.08957911275599909	0.0	0.0	0.0	-0.0578726192102017	-0.07073819453813664	-0.07845686434647901	0.08146283657968803	0.04297122754541504	0.0	0.0	0.0	0.0	0.0	0.0	0.0	0.0	0.052665700571377955	0.11189460531503709	-0.06468148655716446	0.0749886502113944	0.0	0.0	0.4978285896463351	0.0	0.06397744983304325	0.0	0.0	0.0103316799723909	
0.0	0.0	0.0	-0.03185427492018493	0.0	0.0	0.0	0.0	0.0	0.04757314925466145	0.0	0.0	0.0	0.0	0.0	0.0	0.0	0.05964783558979312	0.0	0.0	0.040394856518597665	-0.03965616651422977	0.0	0.0	0.15349258340876074	0.0	-0.05903401947869926	0.0	-0.03764899830325672	-0.06344581390924744	0.07648409512709756	-0.05592758986058679	0.0	-0.06795776806578663	0.0	0.07169197340259045	0.0	0.0	0.05601275946750049	0.0	0.0	0.0	0.0	-0.08144740978971039	0.0	0.0	0.38711322719417873	0.0	0.03794830841795929	-0.07669402353139998	-0.02288117371154369	
0.0	0.05924998961936744	0.0	-0.04410656658804281	0.09608929173108433	-0.03760024420109575	-0.05108056063901724	0.0	0.07126120705756488	-0.0720065680292593	0.05285726426613563	0.0	0.0	0.06400086226572359	-0.08436615656613221	-0.044330336412402374	0.0713387923207881	0.0	0.10613184582851715	0.0	-0.08548814997614598	-0.055605840994518776	0.0	0.11336088429051393	0.0	0.0	0.0	0.0	0.0	0.0	0.05648273496260084	0.0	0.0	0.0	0.0	0.0	0.0	0.0	0.0	0.0	0.05087689972618665	0.0	0.0	-0.07894279250648277	-0.056376129402696325	0.0	0.0	0.4091472307458041	0.0	0.0	0.015176617531092236	
-0.05346146328150681	0.0	-0.04644717832696547	0.0	0.0	0.0	0.0	0.0	0.0	-0.08995842458085111	0.0	0.0	0.0	-0.11568573486763482	-0.07167535338610424	0.0	0.0	0.060154801842250485	0.0	-0.04526568709852363	0.0	0.07222345945809325	-0.07873295227574781	0.09189032680816316	-0.1145361179865464	0.0	0.0	0.0	0.0	0.0	0.05663786587359954	0.07577371249827732	0.097648683393188	-0.048866784973905474	0.0	0.05791482216352912	0.0	-0.06604830220583607	0.0	-0.04915036370498554	0.0	0.0	-0.08157162989880112	-0.10018058214091739	0.05404816576716403	0.05228987286565192	0.05232448106246334	0.04611805079431997	0.40853746492119336	0.0	-0.03974219482251995	
0.0	0.0	0.0	0.0	0.0	0.0	-0.0589056018604766	0.0	0.0	0.0	0.0	0.0	0.06913089352822076	0.05879165326062781	0.0	0.0	0.0	0.13083035359788125	0.0	0.0	0.0	0.04784044126479833	0.0	0.09051184218390013	0.0687780524010185	0.0	0.0	-0.08867359951993335	0.0	-0.07651838606110212	-0.10074543999157855	0.0	-0.09584762306349846	0.0748478842253086	0.0	0.0	0.0	0.050956095299420516	0.0	0.0	0.0	0.0	0.0	-0.05147178515063965	0.0	0.0	-0.051800651136392914	0.07548191792373342	-0.06462268878996466	0.4288111407446816	0.007336860292219657	
